46 27
28 15
2 60
4 1
38 93
8 10
20 64
46 11
29 4
6 94
44 73
36 26
41 76
21 92
12 6
34 24
17 2
22 73
44 40
24 10
47 38
4 86
14 1
17 3
27 60
25 40
28 1
46 60
18 76
21 83
21 91
19 4
19 28
12 84
38 42
47 91
29 6
27 24
40 65
12 84
47 24
38 4
24 9
47 84
32 46
3 34
10 23
19 7
10 20
7 44
23 57
2 51
47 63
26 21
19 64
17 6
13 82
23 29
1 52
30 90
11 74
34 41
4 84
25 24
39 4
19 57
1 25
16 35
42 95
31 95
39 44
47 72
38 60
48 36
23 66
30 29
7 68
21 12
9 18
32 44
47 78
6 63
49 7
47 51
12 7
15 88
7 99
35 38
13 32
49 34
49 60
47 58
29 28
42 39
29 36
48 82
34 79
7 31
24 94
19 98
