39 67
49 27
2 56
16 42
41 68
36 79
13 59
40 45
50 10
7 25
36 45
30 88
28 4
31 43
48 32
40 80
24 12
11 97
23 27
15 87
3 54
13 100
2 87
28 26
31 18
22 37
10 94
5 20
20 19
26 73
31 87
34 14
16 32
32 63
24 75
6 14
10 79
11 79
37 28
50 6
38 18
45 18
15 9
11 60
20 92
6 41
41 11
37 73
42 54
27 17
12 3
39 36
29 79
6 54
38 46
24 14
18 94
7 82
37 35
10 29
37 61
46 17
29 69
5 90
49 37
30 76
31 95
19 89
44 54
9 51
24 70
42 57
28 70
35 36
25 35
47 18
42 75
12 39
28 75
38 89
4 46
16 74
28 4
35 4
2 48
33 53
39 23
22 48
29 77
41 69
49 46
49 92
16 1
4 41
36 73
19 57
34 37
25 41
33 78
11 30
49 29
34 92
22 30
4 87
25 49
37 83
14 3
17 11
40 61
33 70
50 13
27 48
24 91
5 68
48 84
23 95
2 5
10 4
9 38
39 97
37 77
19 79
29 70
27 63
37 42
24 23
12 98
5 51
29 22
13 39
1 90
12 86
3 79
39 97
27 83
32 64
40 88
28 30
44 28
35 67
22 91
13 14
39 77
37 17
28 67
33 23
41 92
45 4
19 85
10 84
18 38
25 81
15 47
45 59
15 29
20 28
30 74
8 77
35 68
39 20
48 69
50 30
5 31
14 41
14 25
48 35
25 62
32 3
16 31
42 50
36 55
7 53
12 13
42 26
11 47
6 73
20 74
50 6
41 59
14 44
22 37
37 96
49 24
25 56
17 50
35 27
45 40
16 87
16 66
11 19
3 96
17 67
19 29
7 13
31 15
40 82
40 43
31 54
34 55
38 100
5 29
32 99
38 56
38 14
31 51
26 23
9 78
48 79
31 93
20 1
34 39
32 54
29 8
11 97
32 71
33 97
18 72
32 36
23 50
45 93
9 77
25 74
39 22
9 53
49 56
28 37
29 75
12 18
22 24
49 69
13 1
27 89
20 59
32 16
33 98
16 1
15 88
36 68
21 78
21 28
49 60
7 10
12 52
17 43
50 15
29 91
41 60
45 73
19 70
22 73
3 77
8 94
39 24
44 58
1 30
15 21
2 70
23 70
19 70
48 32
26 25
13 53
24 77
13 92
35 21
45 97
37 22
43 7
40 25
22 51
47 93
34 88
6 87
49 98
32 28
3 27
37 90
7 21
28 39
37 79
3 15
39 36
22 29
25 2
20 54
18 66
11 3
46 80
50 61
47 79
14 10
49 77
7 53
49 2
39 19
49 98
19 30
42 68
37 79
43 92
1 89
34 37
37 53
29 14
25 21
13 72
43 56
37 98
48 68
25 84
7 75
27 56
27 100
49 54
10 64
42 12
2 1
35 75
13 58
42 46
24 15
16 49
46 96
13 89
13 82
34 35
49 10
37 98
8 3
10 15
8 82
28 60
13 5
49 21
44 82
24 31
30 42
47 46
17 59
5 83
16 26
1 63
12 45
46 43
48 21
28 6
49 80
4 44
20 82
18 69
6 34
43 46
26 64
14 19
11 63
16 19
42 69
31 53
8 54
6 81
10 19
27 98
27 23
20 58
22 89
27 65
24 73
16 18
31 92
17 1
16 15
3 42
47 35
47 55
2 57
16 18
32 53
31 1
10 9
31 40
10 24
13 51
28 48
20 97
22 25
27 79
26 48
42 72
6 41
48 3
26 37
47 42
1 27
45 67
12 2
44 22
28 44
10 57
25 22
35 13
42 97
29 24
31 61
40 100
17 81
28 28
50 10
47 78
21 53
30 74
30 72
27 25
40 85
18 50
25 8
25 30
24 70
36 86
47 58
32 12
19 44
12 62
21 1
13 62
15 87
34 72
14 9
26 65
11 23
4 86
7 72
47 13
3 17
37 36
26 36
30 73
33 81
36 81
15 9
39 6
50 28
21 47
33 61
24 82
1 6
2 14
2 49
4 42
5 55
13 79
4 63
46 18
42 94
50 82
49 99
35 89
11 50
42 17
40 35
14 75
46 5
10 80
4 29
22 73
21 58
46 17
19 13
23 17
9 86
35 15
15 81
13 28
3 44
31 45
31 55
12 93
9 62
3 34
19 60
17 45
5 51
6 28
37 40
42 71
27 12
15 42
27 2
49 87
25 73
9 63
5 30
47 96
48 32
8 95
23 74
2 23
4 85
42 98
28 64
29 35
9 26
47 86
21 28
27 45
50 70
46 35
8 36
22 79
22 34
21 11
14 8
18 94
22 2
47 17
12 84
2 94
12 46
19 23
35 59
29 39
31 28
4 30
32 39
5 51
4 5
38 78
28 66
5 36
2 61
20 72
44 64
6 52
45 30
29 33
49 11
29 24
23 29
4 66
11 25
12 23
25 42
44 56
37 34
10 10
5 33
6 71
30 89
42 48
23 72
30 89
26 89
37 33
11 38
19 85
46 82
48 33
49 7
5 93
22 70
22 23
48 88
38 3
39 46
26 47
39 1
35 9
34 77
18 6
34 55
41 82
1 80
38 90
11 29
16 46
26 98
49 37
49 88
44 66
17 28
15 1
47 5
10 23
32 69
40 42
36 12
28 25
23 6
40 21
27 12
16 54
37 81
30 77
22 63
26 62
25 9
34 45
2 8
11 98
2 76
48 15
24 60
11 82
23 1
19 56
44 80
38 77
32 7
21 86
26 55
31 30
15 52
37 4
12 22
13 93
16 47
37 18
14 57
4 82
29 59
24 88
39 88
33 67
14 89
28 5
28 5
8 14
36 63
29 86
14 90
42 7
9 100
27 98
9 86
3 23
24 48
19 24
18 78
6 56
21 30
23 18
8 25
17 70
31 54
32 86
36 34
35 65
9 50
40 57
47 90
3 87
39 15
10 85
17 37
30 44
8 15
26 73
28 83
42 82
50 53
8 37
41 16
14 56
43 90
3 4
49 86
37 45
12 36
44 23
43 96
42 32
11 7
9 13
7 3
35 58
19 45
13 51
26 6
33 41
8 80
29 66
6 23
7 97
43 52
30 38
20 8
1 74
34 14
41 26
42 9
11 7
12 86
27 79
30 74
39 59
40 42
16 48
21 95
15 87
38 66
2 33
30 86
15 8
13 29
7 74
42 88
49 88
49 39
10 94
3 42
7 42
16 50
15 58
13 43
36 80
3 18
46 45
16 80
17 13
10 27
25 67
13 50
35 25
20 80
7 3
47 48
45 82
7 36
27 75
11 51
26 62
28 49
19 29
4 79
22 49
33 33
35 33
46 9
23 18
9 93
37 32
41 21
49 75
7 90
16 40
34 83
17 23
23 91
34 6
7 87
5 69
26 58
37 86
23 99
50 19
29 59
24 23
14 81
16 85
16 23
44 37
19 31
37 85
49 58
32 76
7 68
14 63
45 51
41 68
3 78
45 64
7 90
26 36
44 80
34 49
36 24
40 33
41 79
10 42
37 4
21 42
43 78
15 73
8 62
31 16
40 3
42 18
5 33
47 88
1 33
18 82
49 27
17 85
21 46
20 21
11 85
17 41
41 73
32 94
17 30
38 85
35 50
29 76
46 40
35 47
18 50
4 55
34 40
41 37
32 46
13 63
2 88
35 97
6 28
39 45
10 32
18 100
11 7
38 65
12 12
42 77
2 22
16 38
18 58
45 28
45 57
7 38
12 61
22 69
49 49
11 77
47 6
34 68
15 6
10 31
42 28
45 81
36 32
43 11
35 49
31 67
15 80
6 56
12 69
23 86
17 2
42 35
10 24
23 63
22 75
24 98
40 72
43 88
4 94
7 64
42 34
43 42
16 96
2 83
6 91
14 68
23 29
3 92
36 1
35 79
31 38
18 64
35 13
50 53
19 10
17 62
10 28
5 56
7 59
39 41
15 92
25 26
32 12
18 9
25 13
21 48
29 38
14 90
9 82
30 93
21 45
28 30
27 23
31 2
2 50
14 65
33 99
27 61
25 52
41 12
30 25
42 32
11 97
1 17
30 40
28 80
29 27
36 67
10 48
23 12
33 5
49 100
2 88
14 97
31 45
39 19
23 44
24 24
40 49
39 60
34 2
27 26
7 28
17 37
33 46
17 33
37 60
36 48
8 36
3 45
5 95
42 25
25 38
41 79
29 68
22 95
27 8
6 26
34 48
17 60
22 54
21 42
10 71
12 54
49 70
5 54
42 94
31 75
28 16
36 47
15 64
42 30
41 35
43 44
5 31
29 68
19 83
15 42
38 89
3 7
21 51
48 16
3 54
49 99
38 34
20 45
50 30
5 53
44 15
4 62
15 61
20 1
45 58
20 34
22 28
49 58
32 86
3 74
38 23
11 14
49 2
17 29
31 2
43 68
14 46
10 46
33 66
38 72
40 54
4 14
1 78
50 59
14 27
6 9
48 16
12 45
28 78
35 42
2 12
16 12
19 50
22 57
12 93
35 44
15 95
44 14
16 69
44 38
43 23
48 24
5 3
21 75
6 66
17 85
46 72
6 16
45 39
42 14
23 80
19 37
18 54
17 13
8 55
47 27
41 73
46 97
24 18
40 40
5 69
46 41
3 34
31 32
6 8
23 2
5 57
47 35
10 98
17 40
20 81
32 75
31 50
46 93
13 66
5 80
41 47
10 35
4 93
27 60
37 5
47 93
13 57
24 58
9 8
35 42
33 64
29 60
29 85
48 95
1 80
24 27
9 41
20 47
11 19
28 48
6 15
28 82
34 88
42 10
50 74
15 97
1 74
40 64
42 50
17 85
43 22
21 26
18 62
1 9
14 6
33 36
36 73
18 22
19 63
3 36
3 79
37 42
23 80
50 70
12 18
16 96
26 1
4 63
2 55
31 100
22 80
50 69
35 60
33 17
10 60
2 86
16 49
17 8
7 13
43 18
36 16
19 75
43 21
21 8
6 15
45 81
25 67
45 13
24 87
3 86
4 71
40 62
11 44
27 5
36 91
3 60
12 13
5 4
29 10
23 36
33 34
41 27
45 100
13 86
33 98
27 14
47 98
39 11
46 76
43 6
12 37
37 57
49 80
20 80
37 4
4 23
1 9
17 51
50 71
47 39
7 66
46 17
20 72
49 97
50 42
10 58
2 78
32 15
8 53
40 26
30 38
18 41
41 19
33 69
24 36
39 52
7 14
37 38
11 25
50 37
13 58
35 74
22 16
22 32
41 25
35 36
43 90
26 30
49 1
13 52
42 39
21 42
33 22
14 18
13 88
43 33
44 7
40 2
23 61
39 83
30 64
30 47
31 54
38 23
45 82
49 1
40 36
47 15
3 91
11 29
27 47
43 3
46 73
9 33
1 87
40 96
25 84
32 86
17 100
16 15
24 78
50 64
4 15
2 97
23 97
13 98
28 4
6 93
41 48
28 20
17 12
14 43
12 87
8 94
49 98
26 34
26 10
17 97
7 56
9 10
43 51
2 50
40 68
12 29
41 25
19 15
50 37
45 48
47 93
49 99
44 25
12 79
34 33
24 31
50 10
26 60
47 89
49 20
37 99
28 66
38 64
48 38
43 78
23 24
10 65
15 25
26 45
6 93
46 92
7 62
4 11
17 86
13 47
23 38
14 13
29 69
4 44
32 72
1 71
11 30
39 51
13 79
42 66
11 93
30 30
8 56
23 85
19 60
32 30
16 6
32 62
7 40
17 37
44 5
13 16
11 37
22 84
27 85
36 72
33 12
50 23
29 23
40 69
5 11
23 38
41 72
9 10
12 81
37 64
16 27
36 16
23 43
18 95
32 97
5 31
24 91
28 36
16 7
38 35
17 45
24 82
30 9
23 97
12 54
4 32
46 40
5 97
8 71
40 84
5 9
25 87
20 53
12 76
18 2
6 20
5 24
22 50
24 37
45 35
26 13
48 93
38 56
49 6
13 26
22 100
2 33
14 3
50 10
49 32
33 22
22 22
31 63
9 83
39 100
50 3
5 9
21 4
48 29
36 58
22 46
43 83
44 99
45 21
47 6
9 71
2 59
26 41
38 74
32 68
1 89
25 23
21 42
27 24
30 64
27 78
29 93
29 72
21 41
3 55
7 13
9 58
14 87
45 91
35 33
7 25
42 61
10 73
30 97
33 86
17 52
6 83
50 45
20 55
5 19
9 43
17 79
39 76
23 4
34 51
36 36
43 87
49 75
16 43
35 80
25 73
15 91
10 67
42 84
20 12
8 51
12 99
31 89
39 89
22 26
18 93
15 88
16 33
12 96
43 31
10 33
8 70
25 46
1 79
14 85
44 28
44 35
11 68
3 62
36 50
24 62
40 52
23 79
12 20
3 84
34 74
35 99
42 11
40 69
34 35
42 85
18 3
1 63
7 78
36 66
8 82
9 52
4 10
32 83
23 51
46 51
43 64
13 61
2 51
48 63
7 39
40 70
15 91
6 25
4 45
16 21
44 21
33 16
38 93
8 11
45 70
32 44
17 13
45 54
50 47
32 89
14 39
21 93
39 39
6 35
18 33
32 75
1 52
31 81
49 6
38 15
42 58
20 48
1 41
25 15
42 2
18 67
34 86
16 47
10 24
34 13
34 50
23 56
15 10
46 32
48 1
31 20
14 79
37 30
32 72
21 33
4 61
11 100
20 78
39 23
40 32
6 40
41 72
11 49
26 4
6 9
8 82
21 44
31 23
1 31
7 49
38 41
26 46
44 97
11 61
2 77
6 67
40 52
6 86
6 8
16 17
25 39
47 21
38 89
11 4
18 7
11 58
50 18
22 72
8 93
24 53
37 89
6 79
50 33
43 62
48 99
17 42
46 91
6 94
39 89
14 46
31 77
11 61
46 87
46 40
44 1
36 48
7 15
45 71
39 74
43 58
42 49
35 30
4 32
35 57
9 66
48 60
33 58
48 56
49 38
36 53
12 25
14 75
27 36
19 84
36 84
35 32
2 46
16 5
49 59
38 90
6 91
25 94
19 66
1 37
11 55
2 28
38 29
40 83
29 10
38 68
46 43
14 54
40 58
24 44
20 60
48 48
46 8
32 61
21 40
3 25
48 68
2 12
16 24
10 98
31 7
14 51
6 18
6 25
38 78
3 74
46 23
5 57
28 18
47 12
43 9
39 60
38 62
10 53
7 83
15 49
4 10
14 76
29 94
33 33
48 92
30 84
33 27
39 87
32 71
37 80
30 1
25 54
46 62
14 36
29 93
2 11
41 87
40 35
24 22
26 82
20 90
50 65
28 97
39 68
28 5
39 88
26 59
14 71
8 67
24 92
7 87
4 66
22 86
29 36
38 11
2 40
15 87
7 97
39 84
16 66
47 23
13 88
38 4
24 91
32 65
41 54
6 49
39 45
37 52
26 57
41 65
4 27
49 31
26 21
14 45
17 66
11 89
44 29
11 4
6 78
32 52
37 77
12 62
8 19
2 11
7 71
28 84
35 14
24 42
35 12
19 16
11 68
42 23
21 22
33 74
34 19
20 76
17 45
27 80
46 38
24 81
16 32
46 27
5 63
27 13
19 83
48 28
6 84
2 69
44 63
47 47
7 16
12 82
22 59
40 72
44 56
28 5
17 23
13 2
40 28
22 10
40 97
21 62
32 94
37 51
23 97
21 87
2 7
25 40
8 86
10 73
36 11
22 43
22 57
5 91
45 43
23 83
33 42
3 62
50 53
41 70
44 36
4 89
14 30
13 64
48 67
31 29
19 97
10 99
35 93
23 8
1 30
38 7
44 91
31 67
12 75
25 13
47 59
29 2
18 71
2 29
25 77
14 53
7 67
24 21
26 15
40 54
29 34
9 6
25 3
43 6
44 47
3 76
2 86
40 74
27 11
7 67
13 84
48 100
37 61
33 2
9 64
23 4
37 43
26 12
20 55
35 83
25 24
37 43
45 21
35 76
42 94
20 10
10 65
19 71
22 43
20 29
6 40
40 35
22 13
16 69
23 98
5 42
7 11
6 70
33 69
25 97
20 100
11 19
30 83
17 50
32 57
45 29
32 1
41 27
20 44
25 14
6 8
17 94
23 77
20 85
37 78
1 60
2 5
41 56
29 55
9 72
29 70
25 12
24 37
15 19
8 12
27 33
41 30
35 75
9 44
11 89
19 3
35 26
49 9
11 47
19 32
24 74
44 16
44 57
38 4
29 92
50 89
11 40
32 59
44 99
27 13
29 77
36 36
24 51
48 35
17 31
30 38
30 68
31 66
28 41
13 89
39 90
39 83
7 54
29 68
2 4
34 84
10 96
35 74
17 39
16 89
31 100
41 2
16 53
42 19
20 26
2 36
49 28
48 57
37 15
22 24
34 46
30 81
36 48
26 92
46 53
26 74
38 34
19 48
48 14
12 64
46 82
41 86
18 39
24 21
44 27
10 51
3 86
29 84
42 5
40 54
37 14
42 29
17 17
50 46
18 26
17 10
33 59
11 6
21 59
18 5
15 75
41 78
23 8
16 32
44 29
13 37
25 61
7 79
14 6
37 6
28 71
46 31
43 59
42 61
18 87
41 2
26 25
42 77
47 44
38 63
18 69
21 32
33 48
7 52
49 19
8 88
29 59
33 88
30 49
30 58
28 56
44 92
23 95
9 50
4 85
49 80
12 30
22 68
29 96
29 37
39 94
4 51
12 2
39 69
18 22
33 49
50 58
10 36
25 60
45 11
46 44
29 2
47 47
10 52
40 60
49 40
38 54
13 19
44 98
44 46
29 4
11 87
34 96
40 3
19 80
44 44
17 97
43 6
4 24
21 4
28 62
10 78
2 91
34 57
36 56
17 58
48 12
26 95
25 79
34 72
43 59
39 12
16 31
7 85
45 65
5 77
1 51
33 50
8 18
33 68
32 11
11 47
38 51
26 54
31 43
29 98
23 73
41 63
22 23
49 97
37 42
2 39
11 54
13 10
19 73
46 40
27 97
1 40
36 60
29 39
20 79
33 29
18 43
34 70
45 84
8 51
40 39
16 96
40 24
15 17
35 18
17 14
41 19
10 80
2 59
1 74
10 76
1 17
44 63
32 12
9 12
46 19
6 41
23 70
50 93
30 30
38 59
10 18
37 53
47 81
1 84
24 92
5 18
19 81
9 27
3 46
21 72
44 25
46 87
3 65
35 12
45 95
43 26
41 94
36 62
17 9
31 75
30 12
49 48
28 42
4 70
1 83
36 51
36 80
4 25
16 32
49 62
27 10
26 78
24 61
32 23
23 77
38 57
45 11
27 55
8 61
4 36
42 39
28 51
19 90
47 55
48 43
10 91
7 33
17 63
15 84
44 47
32 13
47 68
24 36
8 90
44 40
29 34
22 39
32 97
37 46
18 81
6 51
37 62
48 38
5 2
42 93
36 63
9 45
29 30
29 35
16 46
12 16
47 10
16 2
39 16
45 43
50 15
28 51
46 60
37 94
27 73
33 23
4 3
9 53
32 30
9 41
29 39
39 49
50 62
41 32
47 22
26 51
38 22
41 40
24 25
40 41
17 90
26 79
48 55
48 57
48 24
25 37
3 57
34 35
21 56
5 86
39 92
45 40
39 24
46 33
46 100
2 3
19 96
18 88
46 46
35 45
38 60
1 40
22 27
6 34
25 6
33 100
35 25
23 7
15 11
35 2
36 34
29 40
32 91
47 79
20 12
30 1
18 79
12 49
40 22
28 90
40 91
13 29
3 63
23 28
6 74
41 48
14 19
24 91
10 99
40 31
13 3
46 84
17 83
19 97
34 21
13 11
4 84
22 17
31 91
14 43
48 73
27 34
43 82
21 50
44 20
11 68
38 45
5 88
13 22
40 22
44 29
22 32
14 39
40 72
41 80
17 72
25 96
47 100
50 84
1 27
4 35
35 23
9 67
28 59
6 7
39 43
49 2
30 15
35 17
14 59
49 83
41 67
17 88
49 51
9 57
3 64
46 82
34 75
30 72
10 46
41 42
26 33
50 59
50 2
15 75
28 22
40 68
32 48
14 80
11 55
49 96
6 23
11 99
14 81
13 33
4 6
34 23
41 42
3 22
26 14
50 44
30 92
47 34
15 2
47 83
5 83
9 10
15 70
4 21
49 20
22 66
41 49
50 74
4 26
19 48
9 11
18 88
46 53
42 2
6 55
34 95
43 3
29 95
17 95
39 60
36 80
33 34
24 80
28 32
29 36
44 100
9 98
2 27
16 93
43 4
22 69
25 51
17 11
41 42
33 19
8 76
50 70
19 46
6 79
6 68
12 80
23 100
9 25
41 45
8 85
18 7
43 34
21 47
6 32
48 12
6 50
46 93
47 2
3 6
10 42
48 21
49 75
27 73
9 53
15 31
10 29
5 48
24 36
14 20
31 86
31 84
15 12
17 48
31 66
39 85
37 40
22 25
13 84
28 22
50 9
6 87
46 68
4 91
35 100
16 24
32 36
14 92
41 68
47 32
39 76
13 84
30 7
21 15
47 36
42 100
47 95
49 23
22 54
48 99
29 86
18 41
36 54
14 57
3 92
43 81
42 48
17 47
6 37
49 4
47 34
50 11
9 50
10 66
48 16
15 25
28 38
11 14
50 57
22 82
46 15
36 83
6 1
33 5
14 60
40 34
2 94
47 46
28 61
39 16
30 97
34 69
11 44
14 31
44 84
50 81
47 12
18 58
18 51
13 51
5 74
38 91
48 25
21 66
36 26
14 14
2 93
2 6
17 8
18 84
17 59
32 19
28 89
33 94
27 15
12 81
9 68
29 57
7 46
17 63
46 63
17 90
25 97
11 41
25 66
37 97
37 27
5 51
36 44
46 56
1 64
46 38
1 47
11 58
46 25
9 4
11 37
32 49
9 60
38 58
30 21
33 27
26 7
46 51
17 74
24 2
47 38
28 19
17 29
25 13
41 71
36 34
1 13
33 68
33 15
36 60
35 35
46 96
18 24
31 92
39 75
2 18
43 98
21 72
43 23
37 27
29 48
17 89
20 25
46 34
9 77
49 68
19 14
30 14
11 61
7 45
17 11
31 27
36 15
19 68
20 9
9 26
14 26
44 4
27 46
3 7
50 95
21 94
8 80
22 80
33 78
19 92
19 50
4 85
12 70
37 12
24 10
34 95
14 88
23 76
43 60
20 51
10 92
29 17
45 3
4 14
24 76
37 78
15 12
31 32
4 42
45 23
1 60
11 15
7 75
47 32
33 70
5 55
31 92
6 46
18 100
27 88
6 95
3 78
48 77
50 29
10 40
48 55
26 62
26 29
21 81
7 18
49 82
47 25
45 52
48 40
50 83
29 19
29 29
30 85
11 61
47 10
22 79
11 89
34 43
27 77
8 18
25 44
10 19
2 59
34 15
13 100
24 8
12 13
23 76
43 43
39 3
48 73
10 75
37 72
8 65
6 7
43 68
20 86
48 88
34 88
26 77
36 26
36 3
37 88
44 92
8 15
7 65
39 9
8 41
39 14
45 58
32 55
26 38
37 21
40 71
8 55
9 31
48 98
35 24
46 75
48 36
3 82
40 97
34 6
50 20
9 32
24 19
26 94
26 17
28 45
34 26
9 71
27 53
17 63
35 51
4 58
5 24
27 100
1 68
32 84
42 56
23 25
14 44
38 2
31 59
43 74
35 34
43 45
6 33
34 14
14 47
17 53
38 73
7 48
50 50
33 63
34 74
29 67
31 13
36 61
21 64
7 99
46 7
8 90
4 58
22 54
27 38
41 5
47 38
33 44
11 84
27 72
16 18
30 39
16 2
29 18
17 71
29 5
24 81
20 15
31 13
35 8
29 74
27 88
21 60
48 21
21 80
45 66
17 86
6 4
33 15
1 77
41 68
19 47
31 36
44 27
12 96
46 88
39 72
10 72
32 2
19 14
44 74
42 100
25 73
16 28
45 96
34 42
8 8
22 50
49 20
29 86
48 59
13 78
22 97
18 40
49 36
8 25
6 52
32 84
23 64
47 24
28 81
6 62
31 26
29 54
8 41
9 68
49 52
32 89
21 15
47 68
8 79
18 54
32 17
13 86
37 93
13 39
35 57
49 67
46 94
22 35
50 91
42 57
40 6
25 82
39 47
42 16
45 74
49 74
48 17
35 8
48 92
4 58
4 14
3 99
9 97
47 76
20 33
33 25
45 90
12 56
39 73
47 72
18 22
33 53
41 15
9 31
12 95
21 1
6 26
30 45
18 58
3 22
23 73
29 33
48 50
15 64
28 60
9 56
21 6
12 27
36 5
28 20
16 13
29 27
29 2
50 61
50 94
31 8
44 57
6 51
35 42
7 82
19 82
9 93
20 22
6 79
26 69
50 90
11 87
22 65
8 63
33 95
24 100
11 47
26 2
32 85
5 88
27 61
33 58
38 78
21 3
25 2
24 92
9 45
1 75
29 63
14 11
17 3
17 85
3 87
22 29
11 82
14 67
45 82
12 31
1 11
34 84
22 28
11 74
44 33
16 57
31 81
50 19
44 70
32 71
50 59
28 52
12 18
45 92
17 49
27 83
27 40
3 30
32 48
16 11
42 54
12 84
46 62
27 79
3 11
5 57
25 64
29 64
22 22
50 81
45 25
12 68
35 9
36 96
49 31
30 27
50 100
29 48
48 22
2 74
46 89
10 80
49 2
25 81
45 96
25 26
7 67
31 48
28 18
1 2
17 92
8 42
9 92
25 77
46 95
40 38
33 66
1 47
34 29
38 27
11 62
2 38
47 43
3 89
41 88
21 37
26 21
19 80
16 44
14 73
41 27
24 42
5 45
19 35
16 48
19 77
41 78
40 5
12 52
6 56
46 38
40 68
26 40
50 9
33 42
12 5
11 30
7 53
31 75
18 78
4 55
14 49
21 98
9 23
20 35
48 81
30 71
29 16
19 25
41 76
31 37
19 15
3 2
23 17
29 90
13 35
3 56
13 45
21 85
32 82
14 76
22 20
33 73
22 88
2 85
8 83
6 89
44 18
13 73
47 48
1 52
2 59
48 13
11 3
45 72
35 75
39 2
7 33
45 100
36 52
38 8
2 40
44 3
2 11
25 43
7 59
24 31
4 85
11 14
9 21
7 49
36 80
27 14
14 55
15 10
21 29
27 50
1 69
33 57
31 85
35 1
30 27
28 33
13 10
4 29
24 33
37 10
40 44
43 32
10 52
34 64
47 50
17 78
44 32
18 9
12 88
28 11
34 74
29 41
41 57
36 44
31 77
27 53
45 48
36 55
14 34
16 71
26 96
2 9
46 18
38 98
17 53
3 93
4 73
18 76
6 26
21 15
19 62
50 84
38 83
46 48
39 47
45 62
10 46
10 6
45 3
41 52
4 64
1 22
26 12
42 72
6 82
8 55
43 60
25 70
48 34
37 38
46 93
48 97
27 29
45 6
8 47
34 55
38 87
1 31
48 90
45 46
19 24
18 72
17 55
29 43
47 99
26 79
38 29
13 64
49 55
46 21
33 38
5 35
33 8
13 8
45 81
39 3
7 89
3 26
8 43
43 16
14 5
12 45
35 64
24 47
40 63
7 10
31 28
4 68
42 59
16 8
17 100
7 2
50 48
34 88
38 35
26 35
30 57
47 76
16 60
24 98
42 98
35 42
11 36
42 39
9 71
32 24
36 70
21 11
2 25
13 83
24 13
12 10
1 42
33 57
15 6
14 66
43 11
39 49
14 72
35 27
18 56
24 3
36 81
40 54
13 73
19 59
18 27
11 12
9 57
43 8
19 77
42 90
25 79
17 46
43 66
20 52
9 67
7 82
29 31
46 59
23 7
25 7
3 7
4 61
26 48
6 37
22 71
32 50
44 88
36 43
5 64
41 90
48 47
33 61
2 41
15 63
32 96
13 12
25 63
20 85
34 66
46 15
31 83
41 18
4 73
40 41
11 84
8 85
41 33
9 100
3 79
20 88
23 75
25 41
41 36
41 4
37 52
24 87
29 5
23 82
46 27
25 63
5 47
17 13
14 72
17 6
16 9
13 88
32 12
6 16
49 27
37 3
27 17
3 64
1 72
4 74
34 89
21 91
22 57
50 19
12 32
37 92
6 7
1 26
16 24
1 22
22 78
33 56
13 54
13 67
2 73
21 43
21 64
42 41
44 50
30 1
11 78
49 73
10 9
1 58
3 78
50 66
45 2
19 77
24 18
33 76
29 9
31 7
47 35
14 67
36 58
4 89
44 37
45 42
13 55
5 8
6 27
10 54
3 30
15 81
8 5
17 91
19 66
16 56
17 94
44 7
16 41
47 6
39 34
3 19
41 29
39 85
17 22
35 19
49 88
50 88
36 24
7 71
23 89
18 53
13 46
37 57
9 67
35 20
23 16
18 40
13 42
33 59
10 32
19 24
48 39
43 10
36 10
25 92
6 26
26 70
1 30
46 15
7 23
15 100
40 43
19 20
9 72
22 68
19 15
28 14
45 14
42 91
24 76
45 12
41 65
36 99
47 79
17 39
35 83
36 80
39 28
10 55
25 25
17 39
45 74
49 49
48 19
19 100
33 5
19 69
17 34
3 1
37 76
26 5
25 29
7 58
17 30
27 47
16 58
16 32
19 78
27 69
4 100
15 88
39 41
12 28
41 57
35 42
29 17
46 6
16 59
1 36
20 46
16 10
32 99
17 55
41 98
25 61
17 7
10 22
7 73
43 68
4 69
22 12
15 11
29 66
49 79
15 48
39 79
33 61
7 45
25 56
1 59
22 38
30 70
24 60
15 84
40 74
46 44
1 26
3 89
46 29
33 38
6 85
33 25
26 87
20 78
30 28
46 35
14 39
38 58
48 82
47 43
7 98
28 60
9 48
43 96
48 18
23 52
37 44
40 49
26 49
20 95
50 86
47 21
28 77
20 3
9 70
29 77
50 39
10 99
28 78
19 99
1 42
44 57
11 39
44 90
18 7
24 23
22 73
10 54
36 12
44 21
21 49
29 43
45 94
35 27
14 41
3 26
10 93
49 69
42 83
5 37
28 88
31 88
35 83
24 5
19 75
41 80
6 68
33 91
50 79
13 9
8 23
50 18
47 38
19 12
29 77
7 41
44 21
49 5
19 51
22 19
30 63
28 19
3 46
5 64
40 5
11 1
4 2
24 62
13 90
39 97
26 64
25 10
40 70
41 49
46 22
24 27
31 96
8 36
11 63
27 95
33 93
4 79
27 41
10 91
32 84
21 86
41 56
38 65
40 22
43 42
1 78
23 9
1 17
50 42
14 7
46 38
50 35
25 51
23 76
8 12
2 97
44 98
3 73
28 53
50 38
46 98
42 61
29 26
28 39
37 100
26 62
20 9
2 42
17 37
22 99
3 53
29 81
14 40
41 88
30 11
49 54
43 98
20 85
3 1
38 14
34 99
29 32
34 87
23 3
3 65
47 94
27 35
42 16
20 53
43 3
3 74
19 81
47 42
40 52
31 78
31 53
50 24
42 14
36 88
32 98
44 50
7 98
8 13
19 61
18 65
29 76
5 23
45 88
24 3
29 61
2 18
13 17
38 93
14 31
1 13
30 10
11 10
28 1
30 48
40 45
45 57
32 69
49 25
16 46
45 59
44 9
20 29
50 66
7 31
7 66
33 45
29 24
21 63
16 25
5 39
31 15
47 51
26 16
3 100
32 25
9 50
8 46
31 86
7 71
28 50
3 98
33 28
19 71
45 47
22 45
7 99
9 88
5 100
39 40
31 77
8 6
19 6
49 73
21 81
49 33
32 82
48 92
46 55
23 65
26 92
34 73
46 74
1 80
31 7
4 58
9 3
2 88
2 70
37 87
36 6
35 28
22 59
21 33
34 74
22 19
36 47
6 65
28 63
24 70
26 86
38 28
50 22
35 9
11 30
36 15
16 38
41 39
16 48
47 26
32 15
36 48
46 76
27 14
39 43
34 79
39 12
15 84
14 83
2 54
31 89
37 61
11 85
3 83
47 35
24 37
21 20
21 98
14 43
34 18
27 81
43 67
3 56
21 4
34 30
31 7
19 16
3 29
7 86
35 15
21 3
45 52
33 61
12 38
47 12
49 99
2 94
42 30
13 60
40 38
22 69
8 11
44 24
9 7
27 37
50 77
1 79
2 62
38 57
46 92
1 67
20 88
20 24
50 87
40 62
33 57
22 62
14 31
7 3
42 96
5 6
17 74
13 64
3 27
47 64
11 87
9 15
35 9
21 82
26 70
25 80
11 42
37 65
42 74
21 30
25 22
20 82
43 53
32 19
49 31
45 79
6 100
41 26
35 82
15 21
46 77
18 24
6 31
23 61
34 61
23 57
33 15
22 17
47 100
35 62
14 39
12 65
4 86
33 90
3 76
33 80
42 94
40 59
27 89
35 18
47 68
16 4
19 18
48 82
33 36
33 46
31 57
50 43
17 94
12 77
5 25
43 92
17 45
49 85
28 21
47 85
31 55
40 79
10 95
38 85
31 52
19 11
42 51
13 44
46 52
41 65
4 7
6 40
12 84
32 38
45 34
37 45
35 61
32 70
7 94
1 7
23 18
46 69
37 52
28 28
7 63
43 7
28 69
9 96
3 29
27 86
49 76
27 75
28 54
42 48
18 96
18 31
46 91
29 51
21 44
35 36
2 16
11 76
7 78
40 81
6 92
39 12
26 23
50 10
2 84
29 3
12 67
39 45
11 6
21 43
21 59
17 79
13 87
44 94
10 21
39 98
42 35
2 42
21 63
18 14
43 89
45 38
7 53
41 54
29 1
1 92
13 78
38 74
40 72
11 45
21 51
34 32
34 40
49 46
2 1
16 40
24 70
37 84
7 21
21 1
26 85
4 41
33 87
21 72
21 22
50 67
47 25
8 86
6 3
4 98
35 63
5 19
14 54
6 98
15 47
15 87
26 85
13 31
26 16
46 25
31 81
43 79
10 68
8 28
3 65
24 52
47 59
33 28
21 22
41 60
9 59
13 75
36 94
28 51
26 68
37 98
31 43
23 33
38 67
19 63
26 6
8 34
34 52
28 30
46 94
14 6
42 53
13 82
15 28
48 27
2 3
44 14
23 70
12 68
38 54
40 86
33 66
17 34
15 34
24 9
20 65
7 69
43 34
11 42
28 11
5 32
12 73
9 6
25 99
29 14
47 77
37 46
6 40
6 85
21 5
1 66
45 48
33 2
2 28
12 82
23 54
36 30
12 18
36 37
5 45
44 65
47 44
18 38
36 53
14 83
42 22
27 4
35 31
1 16
25 17
7 48
34 53
9 33
13 95
9 43
7 85
4 2
34 11
9 22
14 5
16 80
4 35
24 96
1 17
15 26
22 40
20 48
20 10
45 45
13 34
22 93
15 59
29 18
1 47
1 59
10 35
39 99
5 42
50 17
22 51
37 36
50 61
36 14
26 39
44 74
15 77
1 94
46 78
12 19
48 82
27 76
33 16
32 38
24 2
33 72
38 77
14 33
20 33
26 51
22 64
5 31
22 35
34 95
30 67
16 58
22 54
43 42
46 83
11 68
46 99
35 43
20 62
17 95
32 42
28 70
30 11
42 86
14 80
45 35
32 70
40 47
25 62
8 32
15 9
45 68
23 65
16 21
36 23
23 40
28 22
7 20
7 62
6 81
5 8
32 67
41 10
24 61
7 82
34 2
44 94
22 100
17 52
31 55
33 64
20 65
32 39
25 76
42 25
8 26
39 40
44 42
13 40
22 66
13 95
37 93
12 30
19 58
5 45
8 3
42 12
27 34
3 95
2 55
38 82
17 67
9 82
19 20
29 95
20 25
1 55
47 8
42 92
30 83
17 10
34 85
5 60
44 11
26 13
12 20
11 3
46 85
14 44
14 37
10 17
16 1
50 8
28 60
10 61
50 39
25 85
19 84
20 76
48 32
13 77
45 11
47 80
47 72
38 97
8 95
50 100
3 36
27 61
1 84
7 100
45 50
16 21
46 72
16 43
31 89
46 8
45 81
39 83
32 76
25 85
19 59
33 4
50 96
2 14
40 49
25 34
4 52
17 38
13 58
46 42
28 22
30 4
12 85
6 34
36 73
14 12
16 95
48 86
4 30
45 67
42 53
46 23
17 57
18 100
28 29
44 48
42 55
30 3
22 48
38 5
13 27
37 46
48 86
26 42
24 78
18 52
8 35
18 90
7 89
25 4
11 54
21 71
6 87
36 64
31 17
21 29
5 2
12 8
5 9
15 80
47 92
50 61
20 17
19 49
37 68
13 40
30 23
19 72
43 96
40 83
33 100
43 98
47 81
46 84
41 35
47 99
33 56
50 51
35 99
21 65
8 77
37 46
31 31
49 6
16 28
50 4
4 50
20 4
15 34
8 20
48 81
25 100
29 26
6 33
41 21
24 49
39 18
11 9
38 8
26 3
16 49
31 79
48 58
8 70
34 23
28 43
36 58
6 98
38 66
30 98
4 36
14 15
40 9
5 97
29 58
20 76
50 69
2 33
41 69
40 61
32 41
42 53
1 90
16 19
43 44
26 29
42 15
29 59
1 19
18 94
12 69
30 61
15 21
43 4
7 90
43 81
35 61
3 7
15 10
2 100
24 87
11 83
41 31
36 83
11 88
6 5
19 38
18 77
19 41
36 58
9 29
29 65
24 61
33 7
40 1
5 72
46 1
16 25
50 47
39 57
2 93
49 20
14 49
42 96
44 33
10 70
17 31
24 6
21 6
9 47
34 32
41 97
41 72
25 88
3 48
37 5
38 40
16 13
25 56
28 100
47 77
7 24
36 67
12 55
2 56
19 1
8 78
43 32
2 62
48 6
31 81
7 61
48 9
23 71
24 18
40 19
6 97
9 48
21 66
17 33
22 47
3 35
34 87
3 16
30 29
44 5
9 74
5 95
24 30
20 78
34 36
12 90
11 8
8 55
38 59
11 56
32 62
44 84
21 48
49 2
24 18
18 4
31 32
19 35
23 42
5 78
37 56
47 16
44 12
46 63
28 31
5 60
46 7
3 80
9 20
37 46
1 73
16 63
14 38
6 79
45 57
2 83
20 58
48 90
2 39
9 34
4 49
47 8
4 89
28 84
7 95
3 16
45 22
46 58
47 57
31 17
17 34
35 69
4 12
21 52
13 95
43 83
4 17
38 44
49 31
11 62
33 14
41 15
27 1
4 2
10 28
26 49
23 35
21 17
19 41
32 81
47 74
39 14
38 40
33 66
25 71
37 84
21 57
48 91
25 73
15 77
45 11
24 49
16 70
28 86
10 66
21 67
7 5
40 23
22 41
46 48
46 71
30 89
3 83
39 34
50 4
36 81
24 31
38 83
29 20
44 28
44 41
40 55
36 8
47 70
22 96
34 51
7 60
7 57
12 24
4 22
17 93
29 25
3 11
30 19
5 73
30 51
41 50
19 40
43 15
7 28
28 82
48 10
46 2
24 12
38 49
43 59
43 15
30 89
49 28
23 58
25 17
32 67
13 51
1 68
31 82
27 43
38 62
12 18
38 45
3 10
24 81
48 59
30 76
50 5
7 25
3 80
18 56
10 68
24 87
37 31
21 93
19 89
23 73
44 99
23 85
45 100
14 4
45 60
5 58
18 66
3 66
8 65
7 74
50 19
50 27
35 99
12 52
49 9
50 78
43 44
44 66
17 52
21 19
4 6
29 38
16 26
16 52
15 60
37 83
26 59
31 93
37 62
35 47
46 59
47 66
9 26
7 48
23 36
21 25
2 47
37 60
38 87
3 66
13 86
7 19
42 23
45 65
13 76
3 17
49 52
5 32
37 61
31 14
3 55
23 7
47 45
17 4
2 60
38 89
13 54
7 57
46 33
45 98
29 23
50 100
8 42
40 44
50 24
9 34
26 69
21 4
12 20
7 82
41 65
46 80
13 26
22 83
50 81
14 96
1 9
11 6
43 55
36 51
42 12
34 18
46 46
9 80
24 98
18 14
28 74
13 43
33 19
4 47
34 13
30 52
40 90
44 48
33 73
50 64
26 73
29 48
9 79
45 80
23 29
15 100
3 63
41 67
16 80
38 7
12 46
44 1
4 35
10 46
40 2
42 79
28 82
17 22
18 50
20 28
24 77
35 47
24 29
18 15
35 31
36 53
8 21
26 35
48 56
11 4
36 1
19 93
37 8
35 89
12 5
18 10
30 36
27 65
12 62
33 24
38 33
29 34
21 5
27 15
49 85
10 62
32 94
15 42
20 63
10 45
37 7
40 20
25 35
43 56
31 28
24 37
38 1
31 62
41 78
49 92
19 17
17 48
7 86
20 77
13 34
23 70
33 84
27 70
7 5
17 13
5 54
6 47
20 4
10 9
44 8
31 23
25 49
28 22
33 23
44 90
50 58
31 80
33 32
25 11
43 20
34 1
30 84
29 33
32 74
9 39
45 19
5 55
27 33
44 28
14 99
3 53
20 39
25 63
49 11
23 39
30 41
15 94
18 82
27 79
20 67
8 32
41 4
7 97
8 20
9 17
43 9
17 7
34 32
47 31
37 10
10 91
6 56
39 77
21 53
41 30
45 10
5 47
50 65
15 64
7 87
13 95
12 1
26 36
44 42
50 11
2 48
24 42
43 100
40 54
13 63
33 97
50 71
49 78
28 60
31 56
34 85
45 76
8 11
46 19
31 33
18 97
23 88
13 21
24 86
41 61
34 74
22 100
17 100
5 23
12 16
5 58
1 76
46 78
25 19
19 20
12 88
10 91
18 4
29 50
46 9
12 42
46 49
30 84
8 43
49 88
16 69
47 81
33 89
8 71
13 30
6 19
43 64
36 67
27 39
6 52
33 66
14 16
15 28
15 92
2 89
3 27
18 95
13 22
43 35
33 44
33 54
33 73
38 60
45 51
3 30
1 53
42 49
15 77
23 71
33 93
26 77
14 13
39 86
17 55
33 8
38 57
18 93
25 62
16 93
50 40
2 27
15 37
2 38
32 71
35 99
5 42
17 100
6 74
16 63
41 55
18 9
49 98
22 70
40 73
38 51
12 42
33 68
4 80
41 96
32 16
41 90
27 48
35 6
23 74
29 25
11 48
20 77
24 63
25 93
47 18
4 90
14 41
17 100
3 31
44 92
16 86
39 58
12 90
8 46
18 81
48 99
46 90
34 9
50 12
44 34
50 34
49 9
43 41
45 14
19 46
41 29
29 98
10 49
19 24
31 29
3 79
12 11
16 29
17 5
45 36
35 86
2 80
46 61
4 22
48 28
36 75
44 64
18 68
21 1
46 55
35 23
21 60
5 28
14 38
1 97
32 57
2 35
34 100
9 73
10 51
27 10
47 53
5 57
32 48
32 6
42 26
20 3
18 11
18 99
48 89
20 64
33 77
48 7
46 47
2 66
34 90
35 74
10 65
10 39
4 58
17 18
10 42
12 46
33 90
31 82
29 37
23 18
34 62
34 85
26 8
2 52
5 49
3 14
46 9
15 43
13 86
48 58
30 6
19 87
42 79
42 11
3 14
47 77
46 98
40 49
48 60
10 74
46 46
6 52
37 61
13 57
9 76
42 87
32 82
17 16
18 96
2 53
20 60
12 67
19 6
12 79
16 10
20 34
29 19
42 74
30 56
29 49
1 52
28 60
40 91
50 71
8 19
28 67
30 32
3 53
41 82
31 47
6 11
48 5
3 37
10 79
39 46
11 46
39 69
12 29
2 8
47 84
7 81
20 28
48 46
1 98
21 58
9 62
16 98
37 30
46 60
10 27
6 59
49 100
2 49
8 14
3 2
39 88
6 70
18 13
15 81
6 71
34 30
4 90
25 99
12 63
1 56
18 3
7 92
29 57
2 98
5 27
18 84
12 99
46 42
1 67
41 89
24 56
37 6
23 61
44 7
34 29
8 9
15 93
10 61
17 99
26 49
2 4
29 46
26 69
24 9
43 67
16 59
22 60
1 30
35 26
31 61
5 55
46 91
20 75
35 9
43 58
46 6
9 50
1 97
25 29
37 75
41 11
3 82
17 60
2 57
20 41
13 25
47 46
15 18
29 99
24 100
48 4
30 45
6 87
17 52
39 84
50 95
11 65
39 22
21 8
49 29
40 39
45 60
41 42
29 82
14 71
47 71
38 19
3 70
11 13
21 12
44 1
11 51
49 88
14 88
23 75
6 92
30 94
31 10
26 10
29 98
18 98
27 89
2 87
21 37
37 27
6 52
35 62
47 82
20 52
42 71
31 46
2 44
27 92
22 45
1 87
38 96
23 73
48 46
27 62
2 10
13 1
34 92
11 92
46 71
16 98
19 64
2 61
42 99
13 79
20 23
14 41
13 22
17 26
39 3
47 78
37 65
23 20
45 81
38 70
31 83
16 36
26 10
21 63
47 90
28 29
29 4
25 83
3 21
5 15
32 59
21 15
47 54
3 22
30 74
14 94
8 54
37 88
13 90
28 61
5 53
35 41
41 27
13 58
49 53
50 30
50 87
4 90
9 16
8 9
17 44
15 49
18 65
39 9
30 66
37 94
41 72
20 39
30 48
37 26
32 14
4 93
15 78
32 11
4 21
36 4
1 66
41 26
5 62
6 11
42 85
19 44
6 63
7 68
35 92
47 82
26 16
41 15
44 69
31 54
16 83
11 27
2 29
34 22
35 42
44 74
35 72
5 61
33 50
21 30
36 2
5 59
37 7
20 92
10 63
14 50
40 71
40 70
8 4
25 25
43 16
46 38
14 6
7 49
5 89
38 35
33 19
6 68
18 99
29 89
39 92
48 56
38 93
22 89
3 55
18 55
28 74
33 99
37 60
34 45
47 83
4 22
10 50
3 83
38 40
2 20
29 73
37 24
1 61
25 56
25 63
24 43
9 55
1 30
36 32
42 65
40 54
41 43
12 71
30 94
50 98
27 91
46 53
47 53
23 99
23 60
3 15
24 29
5 54
2 14
33 13
2 97
33 88
13 94
41 11
42 17
14 88
36 45
48 44
15 4
21 15
1 68
37 39
38 47
9 73
28 30
42 4
41 4
43 95
24 83
27 73
34 93
7 47
18 54
35 55
34 36
17 77
14 67
6 36
25 99
30 38
36 33
9 96
45 83
13 1
43 3
24 2
48 90
40 24
14 66
27 18
40 50
18 53
18 27
2 49
15 54
10 43
13 60
48 62
13 85
44 99
10 96
6 13
50 40
18 97
9 57
14 83
20 66
10 90
5 4
13 7
10 75
23 82
39 88
3 29
43 23
21 65
45 12
16 38
33 70
7 71
36 31
46 45
1 12
44 38
12 88
26 81
44 3
14 84
46 82
20 25
31 57
1 67
8 22
48 74
50 5
41 2
27 25
24 65
39 71
39 71
27 12
9 68
3 46
32 13
9 68
28 31
1 15
20 65
16 70
35 89
37 80
31 34
20 22
1 37
31 15
36 86
20 21
49 7
31 7
30 73
5 76
45 10
47 44
47 43
6 24
36 5
49 8
24 35
44 98
35 32
13 46
6 100
36 50
45 2
23 15
22 96
34 33
44 31
13 37
2 28
38 25
45 24
26 69
7 33
31 1
25 51
47 46
6 91
46 7
3 74
22 10
11 73
14 83
25 13
22 41
30 42
15 75
25 74
1 3
17 99
45 51
26 61
41 76
7 20
6 68
4 46
33 23
11 66
45 22
17 88
5 5
5 7
47 32
21 10
17 77
36 99
39 20
46 67
41 51
12 91
50 85
13 87
4 59
4 65
42 43
26 21
18 45
42 1
50 95
21 80
40 96
2 64
29 93
4 40
41 72
34 36
14 43
14 80
29 70
31 80
34 96
17 19
27 100
26 94
31 32
17 93
37 43
6 97
5 44
38 28
32 51
23 82
1 28
31 21
5 39
18 21
39 19
41 67
10 67
30 43
29 67
47 64
38 23
39 3
37 67
6 56
23 15
14 55
40 70
32 91
10 11
45 22
43 23
44 44
31 54
6 68
46 40
9 45
31 12
42 42
47 89
8 20
26 21
13 14
25 16
19 85
7 17
45 45
19 64
20 62
50 40
50 93
44 100
45 97
27 33
7 59
11 66
42 78
43 5
45 14
46 38
41 40
47 3
35 27
44 94
3 46
34 90
29 54
22 49
31 39
3 87
17 92
5 11
16 72
8 74
4 12
46 32
49 55
40 2
50 20
8 18
3 27
8 60
18 75
26 73
16 84
33 38
38 2
22 66
22 10
1 94
13 89
42 91
43 14
17 25
39 64
9 30
14 38
10 41
25 80
8 39
45 71
38 26
19 40
33 17
44 11
18 66
36 67
3 17
22 14
10 18
22 38
9 96
32 2
50 66
12 96
47 67
50 61
19 26
30 20
5 7
32 19
36 4
42 3
38 68
45 10
8 50
13 32
17 71
1 43
42 67
48 13
8 14
50 45
14 78
48 89
31 48
26 42
13 100
31 21
10 35
28 59
13 33
41 13
24 11
5 42
10 47
14 21
11 34
41 15
44 32
2 6
22 4
26 98
28 34
50 61
45 6
34 56
30 98
50 72
38 24
33 95
28 43
3 6
42 25
34 84
15 42
3 61
28 51
13 24
36 21
40 31
16 57
3 69
50 62
44 27
47 98
6 20
3 15
47 86
23 61
39 31
33 80
36 64
10 13
31 18
33 62
8 26
37 92
13 75
31 12
10 36
36 6
34 87
19 62
3 42
19 40
49 93
10 76
42 52
24 79
15 79
36 33
31 36
20 100
13 85
6 17
26 84
3 99
48 36
7 77
19 38
11 9
46 25
20 84
50 86
40 4
15 28
8 13
36 83
39 99
17 88
41 9
15 23
8 80
48 98
44 84
10 54
13 48
44 75
33 96
13 64
3 59
38 36
13 15
18 93
17 79
30 55
40 39
28 29
20 55
20 85
6 82
46 86
25 2
35 8
24 97
30 71
15 54
18 71
11 47
31 96
13 59
28 91
20 73
10 26
14 71
39 22
18 64
22 62
12 89
15 43
2 47
35 83
1 1
12 22
27 28
9 18
39 87
45 83
2 28
9 18
50 41
47 72
1 69
29 2
17 87
22 56
28 2
15 75
12 62
37 17
14 43
29 37
14 71
9 91
17 23
27 37
8 71
11 7
5 47
2 5
28 87
10 44
14 77
42 89
47 90
49 30
50 91
25 46
14 8
10 52
35 80
25 10
7 67
29 76
20 88
40 57
35 9
21 43
34 89
49 24
21 90
44 44
19 22
25 73
5 12
43 5
44 96
20 75
27 87
37 75
39 48
22 52
10 61
3 4
36 46
48 11
1 89
40 32
14 25
20 50
2 21
40 2
17 10
5 79
15 81
23 94
10 80
25 47
18 91
26 39
9 7
8 16
39 15
37 4
50 3
2 64
41 50
40 76
17 23
11 17
46 20
17 80
12 76
20 67
34 36
33 25
42 5
19 9
19 32
41 23
33 94
12 77
11 51
27 82
47 63
12 14
19 16
39 42
32 16
22 98
8 74
50 13
18 27
18 15
47 8
34 82
44 39
21 92
3 96
13 85
45 49
44 42
1 86
19 38
34 7
27 89
40 15
38 99
12 51
5 46
19 12
5 60
22 33
44 40
13 41
7 36
3 58
48 65
15 48
16 71
1 2
37 72
37 86
31 60
46 14
7 94
27 90
9 78
17 22
30 67
15 39
49 52
2 86
3 48
19 68
14 86
31 4
45 19
46 75
30 95
44 67
45 15
25 60
24 83
50 55
36 75
45 73
4 40
9 20
42 68
33 29
36 86
27 94
35 41
1 6
43 33
2 16
46 33
8 49
47 43
29 19
31 29
46 18
11 24
44 45
5 12
9 15
2 76
36 88
1 36
16 68
9 37
39 50
15 68
48 41
3 23
28 12
18 13
32 64
36 21
13 5
27 59
37 62
25 39
32 81
36 27
31 43
31 39
20 12
29 48
23 16
6 42
25 15
10 47
1 39
40 98
1 23
26 41
15 18
7 95
9 26
42 53
43 77
45 16
32 91
13 24
14 11
19 49
48 71
6 63
27 81
10 4
35 56
48 77
37 72
47 77
50 75
42 44
27 45
43 91
43 27
40 10
11 56
12 11
29 29
27 81
4 7
26 30
19 12
28 49
46 42
34 52
10 24
23 2
43 59
29 37
1 68
39 28
16 97
21 12
31 53
8 5
6 42
14 68
18 50
16 7
18 46
22 57
33 16
50 64
19 91
39 93
37 53
4 51
9 77
30 89
7 66
34 58
10 41
34 83
27 55
12 80
47 11
46 23
38 95
26 22
9 65
35 80
28 47
44 20
16 24
17 53
1 89
41 2
30 3
46 62
44 34
49 60
19 73
45 22
18 79
50 36
24 22
11 5
9 37
35 13
33 86
40 13
33 70
24 67
18 15
9 26
9 37
12 79
39 72
41 99
25 18
15 74
39 56
33 96
28 4
32 83
25 67
41 28
11 68
41 11
17 10
14 34
19 46
46 81
40 29
40 86
11 72
34 76
26 21
47 10
35 32
7 70
40 75
38 66
35 52
27 52
49 45
17 86
39 5
32 70
40 66
48 69
13 43
40 90
12 12
36 50
33 56
1 38
28 59
27 40
31 86
12 31
30 37
9 27
11 15
42 10
48 21
45 34
34 61
44 63
11 61
36 100
19 5
27 2
29 62
26 98
26 61
45 28
40 76
27 36
34 44
11 5
14 49
34 89
12 70
13 21
37 61
32 53
1 7
8 4
42 12
39 42
50 62
21 79
21 12
9 34
9 76
25 14
10 58
38 49
20 32
17 50
23 6
12 17
41 65
28 98
32 37
46 50
30 89
13 12
1 20
40 16
10 74
29 23
23 48
29 34
8 25
37 16
5 62
7 66
28 44
27 78
7 53
27 38
5 9
10 67
42 100
38 10
41 83
12 26
22 71
6 61
1 5
9 37
24 91
29 23
31 4
32 58
48 36
44 1
47 19
11 60
25 25
24 49
7 82
3 77
49 60
2 1
38 18
4 34
16 67
10 69
25 68
14 16
35 19
34 63
43 75
19 58
25 41
6 17
45 92
30 98
14 5
41 14
19 17
10 55
19 97
25 54
2 33
7 10
48 69
31 65
36 52
47 11
25 46
29 84
29 21
28 10
20 72
18 81
31 45
2 8
4 77
34 29
4 63
15 37
10 74
18 22
22 99
24 1
12 55
21 96
28 25
24 17
7 64
37 45
36 56
50 73
46 4
28 71
42 61
41 45
41 50
10 62
13 40
5 18
19 87
6 89
40 51
27 59
11 49
26 91
6 15
38 26
43 72
23 95
35 48
16 86
18 69
43 22
8 14
39 84
48 9
18 38
3 47
19 32
41 75
1 10
38 74
39 95
35 39
49 42
31 56
47 52
46 15
26 49
16 70
42 4
36 90
31 71
31 7
30 8
34 67
1 19
39 36
23 19
39 52
26 55
10 76
36 58
27 85
24 96
1 83
21 86
3 51
39 49
20 73
43 42
16 67
38 1
41 98
36 44
7 7
3 58
4 85
12 38
41 33
15 54
23 34
8 14
39 53
6 87
30 86
49 64
37 77
15 24
31 63
19 72
12 32
18 40
15 58
27 34
34 81
37 24
5 79
50 40
35 51
49 25
45 73
19 8
32 60
38 89
46 9
25 44
14 71
32 48
37 73
10 36
7 24
28 37
38 46
37 64
45 100
12 96
3 19
28 40
45 72
31 15
4 53
38 37
29 17
31 59
25 91
13 30
25 46
44 9
20 46
14 85
34 46
24 100
40 88
12 58
12 53
21 78
8 38
10 21
16 92
49 28
40 99
29 37
4 67
50 49
34 16
22 53
26 25
27 47
45 91
47 51
38 72
22 75
48 98
22 9
38 18
10 88
8 51
17 13
44 80
29 36
49 3
10 91
17 75
3 47
34 21
44 71
16 3
7 10
10 66
6 5
43 42
45 69
23 84
24 39
35 43
49 67
21 52
36 42
3 73
15 48
44 50
40 74
32 8
22 14
30 49
30 29
37 48
18 70
29 45
6 73
34 22
1 21
11 75
50 75
30 48
5 53
34 29
20 16
36 38
39 95
30 92
21 64
3 76
44 88
8 72
7 47
48 48
32 82
11 20
45 38
25 27
2 26
8 79
32 21
21 40
34 13
28 71
25 76
35 75
6 77
34 42
11 63
23 1
44 43
23 82
44 76
35 38
37 92
2 36
21 5
43 1
30 97
15 14
15 40
6 63
44 89
18 30
22 96
35 33
12 55
7 5
31 3
37 9
8 38
41 43
30 67
31 22
3 63
10 4
37 95
44 78
46 47
48 86
33 45
41 97
2 23
37 35
30 80
38 88
13 69
4 49
46 5
49 48
2 41
31 65
5 30
9 79
50 71
17 11
25 80
42 31
32 82
1 50
48 58
28 24
40 44
6 42
29 9
43 28
38 22
40 31
32 18
14 34
36 62
6 4
47 55
40 53
3 76
44 7
22 67
41 83
11 79
7 45
30 73
34 65
15 67
19 28
4 77
11 19
24 3
23 22
16 48
7 26
11 22
29 49
19 70
36 11
38 87
21 15
35 63
15 7
21 78
44 17
3 60
49 98
50 10
39 1
37 77
23 74
23 67
46 1
33 22
45 71
33 71
5 72
19 92
28 82
28 15
13 37
4 7
19 64
10 4
33 29
6 3
45 53
3 88
47 55
5 85
12 7
22 56
48 39
47 88
39 74
1 57
23 5
2 22
22 11
20 40
37 41
16 82
2 63
35 84
26 46
33 1
29 11
35 33
46 93
10 27
15 75
49 100
25 73
30 1
33 69
9 91
41 29
19 30
44 85
7 3
15 43
40 79
49 60
33 86
19 93
49 29
34 98
37 72
3 32
15 12
3 17
10 48
44 59
35 27
41 89
33 74
42 94
50 20
39 80
3 28
23 24
4 34
44 58
32 79
31 91
1 62
14 55
9 36
3 89
37 72
44 25
49 16
46 6
16 74
25 73
17 82
40 34
16 5
18 66
48 30
35 90
23 17
20 75
19 66
8 71
31 63
45 100
26 46
39 84
9 38
26 86
26 57
30 63
5 92
1 96
47 3
41 36
15 99
9 18
9 86
29 3
29 79
4 6
28 79
10 40
50 64
12 3
46 16
50 46
38 65
47 92
39 61
47 74
34 54
47 22
37 53
49 79
20 67
26 63
28 68
50 17
4 75
17 96
23 67
30 28
20 98
6 80
49 93
4 100
35 88
44 45
14 50
15 83
7 96
46 8
14 35
17 96
36 1
32 69
20 15
41 72
50 77
49 9
39 78
30 25
39 18
38 50
22 78
31 73
7 27
18 67
20 99
36 97
11 37
30 87
9 44
36 75
28 63
46 72
16 84
48 6
42 8
18 57
27 92
18 19
47 14
10 82
25 33
38 15
44 54
47 80
17 76
5 13
27 89
31 48
32 48
27 34
11 2
4 86
31 76
7 29
10 38
19 20
33 28
21 27
30 82
19 42
44 93
3 18
36 33
4 45
12 74
23 3
43 48
28 98
32 39
10 69
17 15
14 53
43 33
13 100
48 15
45 12
14 95
27 17
38 96
49 67
32 24
23 27
31 74
7 19
16 60
17 97
38 69
25 29
22 6
3 84
41 74
7 74
15 57
31 59
42 57
22 50
40 80
10 62
14 7
27 39
3 8
27 57
14 44
40 56
20 38
12 65
41 27
47 16
19 95
39 51
21 82
45 94
44 38
14 41
21 73
20 25
35 58
3 50
3 35
8 31
19 74
6 31
3 51
14 51
26 70
34 86
15 94
44 92
22 25
29 52
20 23
36 9
14 78
49 44
20 100
11 69
27 37
41 31
45 28
19 77
14 85
7 28
10 8
27 87
42 57
38 79
39 60
43 39
26 77
36 15
19 38
15 45
46 76
28 13
36 74
16 88
40 96
24 36
34 98
12 71
42 63
35 57
40 9
25 19
21 98
27 86
25 8
9 29
16 62
2 17
50 43
13 87
10 8
11 99
31 38
39 44
28 54
3 11
39 87
43 2
33 90
6 90
24 11
22 80
35 87
15 58
8 78
41 14
45 25
49 9
28 50
33 74
40 47
9 28
11 52
41 14
1 36
27 87
43 4
28 31
9 92
20 53
48 62
44 29
19 33
41 49
14 80
16 93
28 93
43 57
39 25
43 49
17 72
29 48
26 85
17 100
20 80
24 89
32 5
10 16
34 66
46 8
48 21
50 94
34 72
6 86
14 70
18 78
4 7
49 38
16 19
13 25
35 43
5 35
1 1
2 80
33 24
16 22
3 57
30 39
16 17
30 15
12 7
28 41
3 100
49 84
36 66
19 72
25 66
34 99
23 72
1 48
36 78
17 34
46 72
29 54
42 67
30 35
22 83
39 50
26 52
34 35
11 50
38 35
34 13
39 76
46 100
21 63
18 100
48 37
1 74
21 58
49 7
49 15
22 32
22 22
4 14
29 43
42 10
36 49
39 31
26 44
40 30
22 95
18 47
48 39
5 10
10 91
21 24
17 42
35 65
12 19
26 86
8 100
36 64
21 39
30 20
47 84
29 22
3 39
22 94
39 91
49 94
4 26
13 6
38 73
41 33
11 79
14 5
29 93
24 95
18 39
22 60
30 35
46 60
44 52
48 70
15 58
44 88
20 65
20 54
31 80
11 17
5 5
22 7
21 70
28 86
24 54
49 28
43 87
7 20
12 20
42 74
24 100
44 50
45 98
24 95
33 18
13 58
49 25
42 94
19 69
39 6
31 25
12 96
19 65
32 2
48 21
22 18
26 84
31 50
43 63
42 94
14 80
35 50
2 31
48 12
11 44
27 92
1 99
27 83
1 28
40 57
35 38
2 35
27 19
8 45
40 98
5 38
37 78
2 58
8 31
36 41
32 32
19 34
46 48
50 89
33 73
14 27
1 54
48 60
50 17
9 16
15 78
29 91
11 3
7 98
19 30
14 40
16 100
50 17
21 100
5 83
19 28
15 50
32 92
6 94
50 21
16 21
46 84
20 42
42 24
13 94
46 30
38 9
49 85
39 1
21 55
14 72
49 88
11 52
50 49
46 28
34 24
37 73
17 94
36 30
44 61
5 2
21 93
36 57
21 11
42 18
28 26
43 8
7 98
37 71
33 78
39 2
42 85
42 4
6 62
13 28
20 33
29 53
46 38
35 35
38 5
28 8
26 60
26 100
31 78
36 68
34 88
14 73
8 58
30 13
39 90
47 43
21 13
37 65
16 1
28 71
36 44
16 11
6 28
11 63
34 31
47 59
23 77
27 68
14 100
19 34
6 60
18 55
19 17
10 29
10 70
45 78
50 84
11 6
4 12
46 98
28 14
40 92
23 67
5 60
37 98
37 94
8 7
33 69
23 24
27 8
12 90
3 56
23 92
36 59
8 39
21 76
32 87
7 47
42 49
38 52
36 78
1 96
7 39
33 20
31 91
37 15
12 87
30 15
42 37
6 64
10 86
15 61
45 53
21 24
22 79
2 96
34 85
11 82
17 57
24 29
42 70
4 95
22 19
42 22
1 59
22 39
38 99
36 22
31 5
41 3
8 46
6 97
23 34
6 74
38 83
1 67
13 40
11 54
21 93
16 14
44 21
31 14
8 19
21 87
15 11
12 59
7 92
34 7
41 39
40 13
35 27
10 67
50 30
46 69
38 5
14 29
38 8
24 42
20 67
36 38
32 26
39 78
43 39
3 16
12 73
50 39
7 31
50 52
24 20
48 60
33 55
33 47
14 60
34 35
28 42
24 57
42 27
2 82
48 69
29 70
32 79
10 48
10 25
27 46
47 69
11 99
31 72
29 30
46 28
42 21
46 80
3 40
7 65
31 20
21 44
48 93
15 95
13 52
13 49
14 22
31 78
20 50
16 26
8 44
16 45
19 88
34 69
30 34
12 25
39 5
14 80
42 88
50 54
8 11
2 37
39 15
19 42
48 40
48 47
34 5
37 3
22 32
14 46
4 43
16 19
3 59
13 35
37 27
29 11
50 21
31 26
36 69
24 51
18 79
16 82
21 36
14 89
49 21
17 65
9 76
47 35
4 75
35 22
39 91
41 43
6 69
13 61
49 29
8 67
43 61
16 95
25 81
43 96
15 30
17 12
1 56
17 64
16 29
5 94
48 91
19 18
33 13
4 85
14 83
26 42
14 44
36 78
33 77
21 36
8 65
34 70
38 99
41 35
18 49
21 81
7 23
25 7
46 96
37 33
45 1
39 49
30 26
35 91
35 40
3 60
25 96
39 91
22 94
14 27
30 39
39 41
36 80
34 91
32 53
48 47
42 61
1 56
14 64
48 11
16 12
9 57
18 84
19 19
33 25
4 50
40 18
44 21
50 90
42 74
36 25
33 95
5 35
19 75
37 47
1 72
14 67
3 42
14 18
34 6
29 83
46 25
49 68
42 18
5 91
27 35
39 64
25 19
20 10
37 1
22 45
14 48
3 77
50 80
26 40
6 8
35 16
5 67
9 67
1 6
31 53
5 3
24 90
33 36
3 50
41 63
36 35
18 94
42 32
45 55
21 83
37 94
28 88
45 50
30 9
32 30
45 8
8 50
25 23
15 23
18 68
27 32
41 76
18 14
47 91
34 55
10 7
10 91
4 48
49 15
15 64
4 35
49 7
22 51
11 59
43 87
42 51
5 33
16 34
6 100
37 15
2 71
28 32
20 63
4 20
15 33
47 45
43 76
16 2
11 55
20 38
18 76
17 80
21 58
47 40
12 41
41 30
45 64
22 21
31 58
35 70
47 93
17 92
23 77
45 6
21 18
1 88
32 94
40 22
48 38
35 5
30 55
39 52
16 69
23 80
33 84
1 21
13 7
26 5
45 50
14 98
40 35
24 77
6 37
47 5
41 82
18 23
21 88
3 100
4 55
30 24
1 13
31 98
13 31
28 84
5 27
9 55
43 23
48 32
4 30
33 70
36 50
3 68
36 91
43 50
35 46
32 44
22 22
3 39
1 52
31 33
44 45
30 36
18 42
47 71
44 51
2 4
6 46
41 98
11 64
26 23
16 93
38 74
16 37
33 64
18 50
16 8
36 82
5 17
2 87
11 88
13 98
35 96
32 65
37 71
6 67
15 2
25 38
4 48
17 40
13 11
45 23
29 1
27 36
42 71
41 3
35 68
16 90
7 33
13 47
4 12
36 16
33 95
34 50
45 75
17 18
31 63
48 85
20 83
40 10
19 85
50 30
44 63
13 11
26 63
46 26
15 5
19 36
43 23
40 64
17 59
5 19
23 45
49 73
48 60
38 8
50 60
10 7
5 61
22 5
46 99
6 100
39 50
5 89
1 50
44 90
41 12
30 12
7 39
44 30
21 42
11 98
45 55
3 79
25 98
42 81
25 88
36 45
25 47
25 29
25 94
50 73
7 26
46 39
25 77
35 9
14 42
3 65
39 86
6 41
33 62
37 1
17 31
12 91
26 91
22 27
45 33
45 84
2 97
39 90
27 70
30 34
25 24
39 3
7 74
41 43
6 73
48 67
7 95
38 48
25 4
44 55
6 75
50 100
22 97
34 8
33 94
38 36
44 65
21 26
35 26
3 38
20 11
19 22
32 9
46 48
27 1
29 13
14 95
9 65
48 41
40 64
13 54
33 64
20 11
20 77
30 39
4 89
37 31
2 34
2 71
32 29
32 25
2 54
30 21
5 50
38 71
23 25
43 1
20 46
45 62
18 16
8 80
23 54
50 71
4 79
41 12
16 33
7 5
7 100
6 90
40 80
13 69
45 24
49 27
30 85
31 88
9 39
30 26
25 46
27 29
43 89
39 1
5 12
46 74
5 65
13 65
23 27
50 49
20 94
20 21
41 22
45 28
20 34
46 87
4 80
33 63
34 25
19 20
9 84
32 14
7 64
31 47
49 6
48 65
9 36
42 38
46 48
48 70
43 22
9 58
39 62
44 39
26 57
19 45
39 43
19 18
16 21
12 19
45 90
38 54
37 4
22 95
44 65
6 61
23 73
23 72
48 97
43 98
29 63
46 95
22 81
34 26
21 72
2 85
4 83
36 12
2 92
36 27
25 87
15 19
25 25
24 55
41 72
10 100
37 90
24 98
46 15
5 22
37 78
15 78
35 8
50 67
6 15
39 3
45 74
34 34
43 9
8 27
7 17
28 13
44 30
34 95
16 61
29 62
39 57
31 69
19 6
37 67
27 97
17 78
5 35
21 3
35 37
11 39
39 85
14 69
7 72
36 1
37 31
48 9
14 39
8 47
43 92
47 60
6 15
16 36
8 38
20 10
17 45
9 91
8 7
29 43
1 94
36 81
21 64
49 5
43 3
32 47
29 84
34 78
48 91
40 74
14 3
16 55
22 54
16 100
20 80
42 89
12 2
50 61
24 25
17 40
50 13
21 9
19 28
47 64
5 87
24 87
5 97
23 50
15 74
2 13
17 60
12 38
38 54
34 72
27 17
37 64
38 53
7 74
10 52
38 68
49 54
3 27
12 61
44 27
36 83
3 74
24 10
14 9
15 76
28 52
22 82
12 95
34 55
26 97
48 21
50 76
13 32
24 67
4 2
33 42
33 56
2 44
28 39
7 92
8 15
24 61
4 61
10 74
33 72
12 35
22 59
17 98
30 9
20 55
29 98
13 91
22 97
13 47
48 87
30 37
28 39
38 99
30 81
21 65
29 54
14 75
5 22
11 52
42 65
37 5
20 18
34 33
16 50
21 81
10 78
30 1
5 69
42 3
16 60
28 93
24 19
22 37
9 53
29 11
41 97
49 83
14 29
9 22
50 43
36 89
42 47
42 24
45 3
28 1
41 55
9 79
14 6
49 78
47 33
37 39
44 67
48 85
17 97
39 44
28 17
3 88
27 94
38 58
41 35
21 51
27 41
30 30
23 43
27 9
21 97
17 28
3 69
3 54
4 23
49 12
39 83
8 96
34 61
21 59
16 8
1 8
5 8
44 61
12 62
39 35
49 62
40 42
42 50
5 42
41 42
24 19
15 24
20 4
1 26
11 43
34 66
19 69
28 49
23 12
9 84
9 23
24 24
21 65
18 70
46 2
6 91
9 91
28 74
2 53
50 85
49 62
11 29
43 52
28 83
18 22
7 83
17 21
31 59
46 84
34 85
43 1
43 90
1 65
27 76
24 50
2 55
11 35
23 77
36 1
27 44
45 37
14 77
31 6
11 34
5 97
12 59
30 84
34 42
9 1
8 39
42 36
18 40
26 4
17 59
42 6
46 65
37 15
36 21
18 14
48 38
33 42
14 45
47 62
35 21
12 23
20 49
20 58
50 32
23 31
36 9
46 46
46 85
46 22
30 43
21 51
34 70
36 13
25 22
23 27
11 88
18 98
21 16
32 64
17 38
19 90
26 33
37 94
41 81
27 84
42 35
48 11
11 43
20 88
45 9
16 64
47 22
36 92
3 86
42 47
26 19
32 39
9 46
39 16
38 57
49 22
3 73
49 2
35 89
32 44
31 16
9 44
43 77
2 64
25 53
36 66
41 79
4 87
16 48
6 8
18 68
49 92
26 58
41 23
42 91
20 45
1 23
2 80
47 37
5 25
10 8
6 38
38 85
12 2
46 95
38 28
5 27
22 58
5 24
31 74
11 18
27 51
39 64
3 99
35 24
17 64
8 96
44 14
42 14
39 44
49 51
47 59
19 50
15 64
46 29
35 4
26 70
1 62
16 28
34 26
35 84
35 18
23 95
5 54
20 81
3 97
13 81
5 86
45 52
11 13
25 44
30 84
10 43
37 74
6 4
19 47
45 73
27 45
36 39
10 11
6 16
30 41
36 44
34 71
32 78
2 23
31 93
21 26
38 48
31 83
8 15
47 21
24 41
22 30
23 14
33 44
21 5
31 7
9 60
40 2
50 96
38 32
6 40
40 35
30 97
8 89
47 29
8 29
26 50
20 17
42 46
5 2
22 60
33 25
15 37
29 50
42 41
18 10
48 6
42 91
16 52
49 51
45 6
19 21
16 40
44 66
34 22
20 76
19 62
27 5
2 19
12 47
12 74
10 95
3 17
1 73
37 23
47 43
34 6
6 89
7 45
7 17
34 34
25 39
42 75
33 57
30 34
8 98
45 79
12 1
11 55
50 65
22 50
33 11
48 89
35 4
15 31
28 1
48 75
22 33
46 39
8 7
16 35
31 58
12 91
31 86
4 91
19 99
40 31
40 84
36 84
49 30
5 50
4 28
32 55
22 13
12 41
34 96
36 16
8 11
43 55
11 99
5 41
5 28
31 8
13 26
31 38
48 80
14 83
36 49
1 4
25 24
26 50
12 17
42 91
1 54
41 62
3 48
18 89
8 96
25 85
27 61
21 43
39 69
24 58
15 15
38 60
39 92
19 29
10 88
9 91
12 78
28 14
36 77
31 80
44 77
23 39
47 65
28 99
10 53
43 87
3 59
15 97
18 5
19 83
25 70
48 60
22 20
12 29
3 73
11 36
23 70
18 2
38 42
40 78
38 17
8 77
31 14
42 18
2 34
39 16
16 70
27 2
31 43
38 15
34 90
1 99
47 52
44 98
19 84
10 4
13 1
30 41
43 10
3 56
21 23
40 23
30 38
24 94
20 100
25 93
11 91
19 88
30 49
41 50
32 35
1 74
9 7
13 7
46 96
31 89
3 49
10 97
12 33
44 14
23 78
31 19
19 3
3 23
46 65
25 43
36 98
37 82
48 70
21 6
20 28
34 99
34 11
19 22
1 10
10 88
18 9
33 25
9 68
15 36
27 6
44 61
17 19
21 58
34 47
21 27
28 34
17 64
46 81
14 81
8 11
4 91
27 26
18 54
23 20
28 91
12 99
14 59
42 36
1 37
19 72
14 81
26 13
11 86
38 96
6 44
44 70
12 39
36 92
32 59
39 32
43 77
27 77
38 78
15 59
37 59
33 72
46 97
1 31
15 36
18 100
11 72
12 97
45 52
21 100
2 7
50 36
14 68
33 66
31 1
13 30
42 88
18 56
12 79
25 79
24 59
13 79
6 12
7 46
19 38
2 17
20 79
25 100
15 74
46 2
5 82
5 54
16 25
50 27
29 75
7 76
37 45
5 8
1 46
38 78
24 82
40 43
32 39
25 96
33 38
27 28
8 30
30 7
34 24
28 38
23 28
10 48
40 87
23 20
43 30
45 65
31 59
21 11
2 99
6 16
18 68
34 84
8 60
13 21
4 63
3 92
7 35
5 93
25 30
39 9
45 2
43 19
8 56
40 8
38 42
15 72
24 36
6 78
29 50
43 92
18 21
19 85
41 75
13 28
23 33
14 86
37 56
6 32
5 63
3 74
16 57
28 8
25 7
22 96
15 65
27 24
15 38
47 38
39 13
3 13
43 52
35 84
33 16
47 71
16 28
48 94
41 19
38 43
1 23
2 91
5 44
30 32
2 66
23 74
31 57
48 68
23 15
8 62
42 96
22 6
5 73
18 44
22 33
17 59
42 26
21 13
49 48
19 86
35 74
40 78
1 54
41 61
41 14
15 93
37 22
10 31
44 83
9 47
16 31
34 98
4 87
8 73
12 9
41 21
38 100
50 13
17 81
47 28
5 58
32 76
39 50
18 8
32 51
40 27
3 20
25 29
45 18
25 48
29 59
29 36
8 78
42 55
36 78
41 93
34 21
35 67
14 81
21 27
25 48
6 72
33 45
32 45
43 99
30 97
16 5
23 100
41 79
50 5
5 73
16 91
13 77
44 35
48 83
33 69
45 42
33 47
30 2
44 56
34 26
47 56
40 88
14 97
2 39
48 2
26 53
22 60
18 9
5 39
20 44
34 99
29 61
23 12
39 54
44 83
18 84
8 22
28 63
26 56
25 74
50 59
39 78
50 18
33 5
34 28
9 51
49 55
5 33
22 98
31 10
25 50
12 39
18 55
6 95
4 71
24 52
8 71
10 34
18 27
1 45
13 65
45 93
11 62
5 26
50 29
37 6
20 44
42 53
38 97
48 20
34 47
18 62
28 26
7 39
20 37
19 54
19 78
10 90
44 52
36 73
43 66
39 85
5 67
10 13
50 38
33 93
35 27
12 46
4 57
34 69
21 5
23 18
19 24
4 33
12 12
41 40
23 68
19 96
10 82
27 47
17 14
6 91
27 29
20 66
46 76
16 22
13 15
43 3
21 30
39 19
30 68
41 45
5 59
33 39
16 40
36 95
46 80
17 30
20 80
18 97
24 9
1 60
26 99
19 24
38 65
37 51
17 67
47 31
46 52
41 17
42 87
39 54
43 36
16 37
29 3
31 51
39 70
18 63
35 81
40 49
44 24
49 6
46 84
33 26
48 6
49 99
29 17
28 10
7 75
42 49
11 56
39 68
25 79
42 29
43 9
23 82
22 84
35 40
3 89
39 59
14 74
26 81
15 67
12 17
32 72
10 54
17 69
40 97
19 11
25 31
35 63
34 23
22 99
24 49
21 28
27 80
37 59
22 54
45 18
35 66
46 12
22 11
46 83
13 48
27 50
34 24
26 54
41 81
25 48
17 32
18 6
31 19
47 26
2 43
41 20
19 21
47 86
7 21
29 43
35 75
41 33
46 86
29 44
9 2
21 12
24 54
35 63
48 31
9 61
5 68
50 94
33 70
35 46
36 72
33 87
22 73
6 71
1 6
5 7
34 40
42 37
18 90
2 67
12 88
5 99
5 100
28 88
20 50
38 85
17 19
48 92
6 34
40 32
31 72
47 21
6 6
4 51
30 49
8 26
45 98
21 85
29 44
44 69
30 99
40 42
24 23
26 10
28 38
13 1
17 75
34 88
21 64
5 9
50 75
34 16
8 85
40 58
16 40
39 75
3 75
43 10
48 48
38 72
38 13
15 89
38 4
36 89
27 42
27 75
2 51
39 49
30 85
22 23
16 67
16 81
30 45
39 72
16 5
33 28
46 36
33 25
10 30
12 72
44 89
8 54
17 58
18 44
21 51
24 46
47 6
40 6
5 93
10 60
20 59
6 93
37 97
36 4
47 83
32 69
50 63
14 17
6 32
18 19
17 90
46 38
48 100
50 72
33 11
40 83
39 69
13 46
36 6
40 67
12 25
43 56
27 58
15 84
47 17
16 85
35 34
44 96
17 82
5 29
34 95
17 40
10 69
17 77
39 6
13 65
2 60
37 21
11 49
30 92
2 68
41 69
21 19
50 51
17 96
26 22
42 30
19 24
23 4
13 40
32 41
27 34
26 1
35 96
22 40
17 73
34 9
48 32
23 33
5 16
49 82
28 47
14 26
18 66
40 13
16 48
32 24
26 47
2 16
12 44
40 83
37 21
44 38
50 22
40 24
17 2
9 15
44 16
35 45
9 38
48 94
36 29
39 9
33 11
48 21
43 51
4 38
8 63
39 17
12 67
23 25
27 57
16 100
45 93
23 82
46 37
38 68
23 71
20 62
13 59
15 67
35 71
22 58
35 68
35 38
14 3
24 94
35 54
36 16
5 98
36 85
18 6
8 58
12 38
33 41
48 22
28 26
31 41
38 73
26 26
12 75
5 98
27 25
45 88
22 32
39 43
25 82
26 78
5 90
40 10
24 20
35 64
49 60
14 42
13 37
46 92
5 70
1 56
29 61
27 8
41 4
13 64
38 86
46 72
32 81
36 47
4 26
26 94
40 91
3 16
36 29
48 59
25 47
9 65
26 38
34 85
35 55
24 4
31 59
1 69
1 18
17 41
26 15
28 7
37 52
27 8
15 73
32 54
46 12
37 33
13 73
44 3
4 87
30 85
21 83
20 15
36 83
49 79
16 68
47 4
36 58
31 38
14 2
5 58
7 39
46 7
24 96
12 31
19 65
22 21
43 97
37 69
42 85
26 43
50 23
44 12
35 86
4 53
23 46
4 94
19 84
43 89
11 17
29 16
33 48
41 37
9 9
46 36
16 23
31 23
19 66
21 23
41 20
5 27
19 19
9 38
5 29
41 33
17 30
9 79
50 82
34 26
7 91
3 78
10 38
9 32
17 32
40 66
29 35
41 15
19 15
4 15
46 67
25 88
9 69
30 99
27 39
2 94
22 19
12 67
13 98
33 7
1 41
15 20
21 76
4 72
7 20
42 96
47 69
44 22
25 41
38 76
33 21
40 66
28 18
9 22
13 27
23 78
7 5
32 66
11 67
13 24
11 77
10 86
7 65
45 83
47 55
32 31
4 18
23 74
5 46
8 79
42 12
2 78
17 32
37 39
17 35
8 45
6 55
42 84
27 48
27 15
44 41
39 7
34 67
34 89
40 25
18 51
36 57
20 59
44 19
16 15
15 5
4 53
33 92
26 50
11 62
13 42
20 8
18 97
36 67
34 65
42 70
22 65
35 60
46 9
9 16
39 39
23 61
43 90
6 26
36 17
45 2
22 96
6 45
26 40
23 63
10 97
47 17
46 94
17 47
10 7
28 37
40 46
4 70
6 37
11 11
13 52
45 61
5 45
42 59
1 64
7 10
49 4
23 38
25 73
38 18
21 59
21 69
17 29
5 85
30 10
2 65
5 64
12 10
45 48
6 50
3 90
33 74
19 44
29 18
11 38
22 7
16 91
47 32
6 43
42 14
20 41
6 43
15 16
1 6
21 51
37 30
20 78
15 5
11 67
31 7
34 18
21 52
28 97
36 6
49 93
7 88
39 86
8 13
13 73
19 77
21 68
41 40
43 46
24 99
23 74
48 43
49 100
4 73
22 79
32 88
17 85
15 36
22 60
32 96
2 61
28 11
28 13
19 86
6 68
7 34
28 18
27 45
38 36
17 28
21 91
28 28
20 98
35 82
24 33
38 6
30 55
16 55
12 100
2 38
26 56
22 44
42 97
36 77
48 79
43 55
36 51
43 36
45 5
6 49
48 11
37 61
31 92
33 98
40 10
14 6
33 17
8 17
34 88
31 43
29 17
5 54
36 60
9 79
24 40
40 58
1 100
23 87
15 63
3 59
34 63
47 4
38 35
7 74
20 90
16 80
25 68
39 55
26 86
2 41
18 99
1 61
34 2
46 98
12 97
28 91
45 55
15 67
29 95
31 87
15 45
4 98
48 95
9 68
22 29
7 22
27 37
30 17
4 46
27 21
20 12
39 2
2 70
13 44
34 20
25 12
5 12
21 79
48 19
26 81
11 52
10 59
1 58
48 23
27 53
9 37
35 7
34 51
4 87
17 89
39 50
32 72
35 39
23 98
43 50
21 87
35 61
7 70
40 87
37 74
44 65
46 24
5 91
6 88
26 76
19 36
24 98
2 4
28 69
46 7
31 76
28 98
5 19
37 97
10 7
27 80
43 39
28 28
22 23
14 34
47 16
13 79
15 72
44 96
39 4
34 70
50 67
14 94
11 41
33 86
47 47
37 62
29 42
40 7
2 40
44 76
30 78
45 20
48 98
29 99
19 54
31 23
34 78
10 18
46 13
29 47
25 14
34 51
6 96
25 75
31 52
7 92
12 32
1 22
5 3
49 82
7 84
3 2
16 22
50 95
22 77
21 40
22 60
49 29
9 48
11 27
20 2
35 94
16 80
14 98
44 88
5 44
18 2
45 8
32 57
12 9
20 10
24 79
24 50
36 53
41 78
44 75
19 56
19 68
7 15
46 90
17 75
1 86
28 100
44 68
3 67
15 79
22 12
26 33
13 59
29 94
17 77
3 60
25 66
20 40
24 21
11 91
42 87
43 36
46 86
39 86
33 71
14 26
1 80
26 83
15 71
15 94
17 30
2 4
26 60
47 23
19 50
14 2
37 53
21 77
32 52
35 10
43 29
47 17
44 99
19 80
47 71
49 86
37 54
21 29
23 43
5 48
3 66
8 78
14 96
43 39
1 54
11 76
43 26
49 1
4 80
48 99
6 63
7 41
40 91
47 86
28 31
46 100
8 85
17 23
8 93
27 83
35 68
37 52
16 85
50 34
8 38
32 11
32 50
19 73
27 10
36 43
13 98
48 82
7 7
33 65
43 27
18 60
11 57
30 91
35 30
45 84
7 37
10 85
6 36
33 79
3 27
6 72
26 14
9 20
46 75
22 32
32 54
27 52
1 23
24 56
28 78
47 34
38 76
11 22
42 97
23 66
3 10
39 57
50 35
50 28
38 83
15 53
36 15
43 96
44 4
27 71
45 52
14 56
22 73
12 11
16 50
33 95
7 63
7 11
34 28
33 42
22 21
5 62
25 97
12 79
14 69
36 44
10 61
21 48
12 18
36 58
44 19
32 34
41 50
32 36
20 61
11 48
17 3
20 37
30 21
6 82
40 62
46 51
29 32
18 64
48 49
5 65
17 87
45 82
46 94
47 66
42 31
15 12
16 91
4 81
32 58
27 37
5 76
23 52
32 2
31 89
47 4
12 43
47 86
16 28
36 17
34 40
23 45
43 62
6 42
34 38
29 64
34 19
46 89
3 76
23 77
27 42
9 16
36 64
31 44
13 88
34 89
3 14
24 88
29 55
30 76
41 60
21 20
42 77
2 85
25 21
17 44
3 68
9 49
20 25
17 3
18 65
30 4
11 4
25 7
8 67
41 37
11 44
36 10
26 35
28 18
21 85
23 100
18 23
39 99
50 88
23 44
31 80
35 28
14 18
36 22
19 10
30 89
44 88
16 76
34 36
41 79
5 15
29 36
46 30
48 86
6 31
50 93
50 45
47 94
8 61
31 54
2 55
46 60
40 2
7 12
30 45
23 4
12 11
24 33
5 94
43 57
48 68
50 37
36 91
9 22
15 28
39 39
40 75
6 53
4 49
17 66
50 14
36 64
35 41
23 21
22 87
17 30
26 57
2 1
4 91
42 12
47 43
42 91
21 45
33 86
15 85
9 41
28 42
25 29
24 30
30 43
12 28
50 96
29 85
36 44
16 57
9 44
6 62
29 16
26 39
38 13
15 26
12 13
10 54
10 49
13 4
2 88
5 38
34 10
13 33
48 42
46 48
11 26
39 21
6 30
18 82
37 96
24 68
6 43
27 22
23 89
22 89
11 19
34 9
16 9
15 47
38 92
35 69
5 10
8 24
28 4
7 93
39 57
10 44
10 90
39 49
41 13
30 40
37 85
6 72
33 98
35 29
33 37
22 4
18 11
11 43
13 34
34 42
48 69
48 16
43 38
11 60
4 66
42 85
32 17
18 92
37 59
15 5
11 14
22 52
17 35
44 31
45 32
3 30
30 1
21 6
43 76
50 91
27 74
50 96
2 51
17 61
38 9
44 65
49 42
27 54
33 100
32 43
8 44
50 56
18 59
25 29
1 71
24 97
13 33
48 18
4 64
23 62
25 100
36 100
36 22
5 98
49 96
28 51
44 87
14 93
12 32
49 5
15 8
46 51
47 53
5 93
26 3
6 44
1 72
6 82
26 45
19 51
26 13
16 51
15 51
32 97
14 7
21 14
5 22
33 4
39 69
22 35
24 41
12 7
9 21
9 68
10 31
40 98
5 60
29 87
23 95
41 92
35 78
37 85
31 54
33 61
5 33
7 79
44 85
40 94
3 46
30 76
21 73
36 94
37 17
37 80
30 96
5 73
12 48
24 48
3 79
38 42
48 20
32 13
47 51
32 6
32 61
34 4
7 2
13 60
50 16
32 60
6 29
2 32
26 64
22 89
23 29
47 67
19 51
15 21
25 40
7 23
4 61
18 47
38 70
20 12
37 5
45 17
11 19
29 31
12 100
34 31
13 81
19 91
37 43
11 91
14 79
47 28
16 69
28 85
38 98
44 34
39 40
12 10
5 12
23 4
31 10
39 78
49 74
40 35
33 74
13 19
4 29
3 18
22 14
20 54
43 34
8 9
31 68
6 75
1 31
47 88
8 92
36 22
11 68
14 42
1 9
39 58
45 89
30 44
49 85
42 74
39 44
18 74
21 91
36 52
37 42
35 30
31 20
38 16
49 68
30 74
35 72
19 47
36 75
42 91
20 92
8 41
10 7
38 36
46 99
1 13
48 93
29 7
46 83
12 10
5 42
39 60
8 3
48 18
33 52
20 51
16 40
42 8
3 16
5 56
30 54
10 11
2 84
38 39
48 93
11 10
15 41
17 71
47 66
21 19
37 19
12 76
49 33
10 74
11 85
18 14
44 94
26 16
40 12
5 1
41 6
42 87
10 41
45 81
41 53
37 54
25 77
50 13
15 55
41 75
46 22
29 22
15 20
49 90
30 17
16 38
43 98
44 69
32 66
6 43
12 75
19 59
31 77
9 47
15 21
7 31
29 53
46 23
2 24
33 88
13 33
33 82
29 20
43 32
32 33
12 64
49 66
44 75
30 60
24 53
12 65
14 38
16 57
1 97
12 38
6 94
34 38
39 4
1 50
14 72
8 42
45 93
11 44
44 13
11 72
20 8
42 90
41 20
35 3
10 98
43 22
2 1
3 84
49 89
8 26
34 21
27 15
32 14
9 23
40 89
32 84
19 72
23 99
2 26
21 77
21 36
46 32
13 59
36 2
43 36
37 18
18 52
47 63
24 34
29 61
4 67
1 21
31 24
14 69
37 91
18 47
37 4
37 72
43 70
33 72
14 23
5 96
15 32
11 71
21 98
9 95
28 83
24 2
32 70
14 21
42 86
37 19
35 53
25 74
35 8
38 87
13 20
21 25
42 89
8 73
44 30
42 5
48 93
13 92
40 87
24 85
35 81
38 60
7 48
15 69
5 31
37 58
42 39
50 10
50 67
34 53
44 10
37 15
5 82
36 9
11 30
42 38
20 3
41 3
3 85
14 27
41 62
26 18
35 5
5 73
10 10
43 66
33 81
9 5
28 4
13 60
26 29
27 72
38 57
40 70
37 27
40 90
6 82
26 34
23 6
21 15
15 98
27 64
33 39
27 7
39 33
9 50
35 25
31 19
49 77
41 21
45 15
24 39
26 61
18 55
47 50
23 80
47 20
46 60
45 46
36 1
37 56
11 94
5 1
20 87
27 69
18 35
17 81
