8 68
38 70
46 100
34 42
37 90
7 76
34 62
14 65
2 100
34 63
29 32
11 83
37 81
31 47
14 42
14 41
3 38
16 67
14 93
50 7
34 56
13 23
19 52
46 15
21 80
48 80
28 41
29 17
11 17
38 15
6 16
11 6
2 21
15 51
23 57
44 99
19 93
35 47
33 83
7 24
1 20
26 29
48 17
30 11
21 76
17 3
7 93
45 28
21 42
32 68
14 93
11 1
8 61
14 43
23 80
39 80
11 23
9 73
22 35
27 26
45 88
6 49
18 25
23 48
14 85
6 19
38 37
4 48
50 22
31 72
46 53
24 84
50 82
1 98
23 74
30 52
10 61
44 29
13 48
15 92
29 5
28 47
39 1
14 31
25 23
18 21
37 15
9 67
46 44
42 1
40 63
9 71
30 94
40 45
3 50
23 42
11 82
30 42
16 16
2 7
40 13
26 51
27 57
31 57
24 33
25 1
44 39
27 69
18 75
32 19
8 67
18 81
40 48
40 41
1 92
20 21
9 62
50 34
15 69
18 18
19 2
35 55
14 16
20 64
44 45
38 87
39 27
50 77
9 48
13 91
3 4
25 6
47 46
38 65
34 22
16 58
35 90
36 55
15 3
18 80
16 87
43 51
40 29
14 34
46 10
30 65
16 3
25 28
39 72
34 94
19 75
10 29
15 54
37 80
38 92
35 47
48 42
32 5
2 7
8 1
18 29
27 83
49 31
28 45
23 52
3 38
19 34
7 44
9 61
41 84
32 82
27 38
10 81
15 45
20 39
40 85
31 1
36 88
18 22
45 96
1 43
6 100
11 41
29 25
39 55
26 80
13 91
2 50
8 28
37 49
35 35
7 1
12 50
5 34
19 61
42 97
11 40
49 54
15 94
4 26
27 29
20 19
47 90
5 42
8 80
35 22
5 77
2 79
38 73
36 66
43 24
32 69
37 31
13 37
48 83
10 90
13 22
8 55
17 22
6 34
32 60
29 39
26 86
33 22
49 34
49 75
43 71
38 30
12 73
2 4
38 13
6 77
33 83
13 8
27 69
49 82
34 53
7 34
24 78
12 50
3 12
19 39
28 78
34 22
23 10
44 48
36 4
17 20
45 47
17 28
21 21
33 22
24 86
10 36
43 21
14 100
16 99
23 34
15 77
6 88
10 68
33 81
10 44
31 61
3 78
33 33
47 8
30 26
14 23
41 9
22 63
49 82
2 60
29 94
12 64
38 92
6 1
31 18
15 5
6 22
45 89
34 7
32 88
26 11
47 89
20 44
36 8
18 70
31 94
37 25
3 86
35 38
24 5
38 92
31 98
19 30
21 55
38 88
16 94
31 3
13 99
46 94
16 83
19 87
7 97
10 83
19 97
6 42
44 75
38 7
34 37
47 97
21 21
7 42
37 30
5 84
41 42
22 58
1 38
38 25
5 30
13 54
41 15
27 80
47 47
15 82
25 97
19 67
19 58
18 33
4 40
16 1
45 49
50 26
22 36
44 60
8 40
27 72
28 82
38 9
27 82
29 18
3 29
8 24
9 39
10 99
18 16
5 42
20 76
34 3
1 76
21 44
8 92
46 29
50 52
1 12
21 71
19 23
39 27
17 64
41 87
33 46
42 77
28 72
44 12
17 60
33 75
50 18
46 45
28 14
36 50
41 53
29 87
43 4
50 33
4 52
10 82
22 58
29 1
33 53
13 13
6 99
14 58
24 25
36 83
40 55
4 48
19 20
14 17
48 62
19 60
49 43
50 45
45 88
10 6
30 15
45 53
39 5
5 59
25 40
1 71
47 36
47 46
9 69
18 85
47 9
3 8
47 4
34 23
17 52
24 58
2 93
34 2
5 73
24 7
25 37
27 77
5 56
41 64
31 68
7 48
50 84
26 29
17 93
13 56
5 98
29 11
44 59
15 84
28 84
30 90
42 31
13 79
45 96
11 42
20 70
27 93
13 100
12 47
28 70
11 9
21 41
19 74
42 29
49 34
31 2
42 15
43 35
7 72
5 44
36 31
19 57
46 13
17 81
36 78
9 37
39 49
29 74
15 32
3 59
39 8
39 43
43 20
31 27
43 9
21 71
45 85
46 15
36 59
11 82
5 97
43 67
30 25
26 81
39 7
49 33
26 99
28 10
24 84
30 85
45 76
39 74
1 31
23 3
17 91
13 52
46 14
42 85
46 36
7 89
3 56
22 12
46 18
24 75
10 30
26 43
5 44
49 8
35 4
16 25
29 62
10 66
47 96
48 6
43 23
18 15
4 46
13 43
23 73
18 64
18 68
23 47
5 94
9 38
24 65
50 6
15 79
9 34
33 30
20 66
11 81
44 58
20 19
28 25
37 1
43 23
17 60
28 48
21 33
4 84
45 23
4 88
35 59
38 94
9 65
7 33
50 90
21 27
10 18
50 96
2 66
35 9
6 52
46 82
35 22
27 42
45 24
26 57
38 57
19 34
36 26
43 71
13 55
8 70
29 22
40 8
40 14
41 17
38 6
9 98
17 64
21 27
35 89
26 36
20 53
21 31
12 39
28 69
27 15
48 99
32 5
9 19
16 12
47 48
28 71
47 10
49 19
12 16
32 82
41 44
38 100
25 37
1 65
39 57
12 23
31 37
44 57
46 62
42 33
26 2
46 31
7 72
1 64
48 52
48 27
36 88
4 65
1 84
14 24
30 85
33 86
13 93
32 24
22 38
27 51
3 86
47 6
22 91
34 70
16 36
14 75
16 17
43 69
28 51
30 72
1 56
23 76
47 42
33 40
43 54
40 29
30 57
39 84
10 35
46 10
32 56
2 72
16 100
28 87
19 51
26 40
7 98
8 14
22 85
34 82
31 86
25 52
30 39
39 84
31 48
4 43
3 40
37 93
27 26
27 7
48 55
49 6
41 63
17 47
14 66
8 18
40 30
40 3
3 43
3 84
21 10
27 37
4 87
3 57
35 29
33 10
43 16
35 29
19 40
10 23
50 20
10 68
26 94
29 59
13 6
6 47
45 90
43 17
39 85
35 65
43 19
5 44
11 62
36 36
9 19
3 64
17 72
19 32
35 7
29 47
14 47
3 24
12 46
41 82
23 8
16 34
11 11
25 19
31 40
37 5
28 66
39 99
1 22
38 46
39 23
15 43
14 4
23 72
26 52
22 17
10 90
49 34
31 45
39 65
5 92
21 94
10 72
26 38
22 42
6 41
21 16
8 80
1 51
7 72
23 27
20 21
45 36
43 62
15 2
9 90
39 63
37 84
31 49
1 40
27 27
1 59
11 85
1 77
26 16
22 22
18 91
29 74
28 5
17 70
18 24
45 53
10 8
23 15
8 33
24 54
7 41
14 66
11 70
32 55
10 12
23 91
38 72
11 25
2 38
24 70
33 21
36 6
1 21
8 23
44 24
1 35
2 58
15 52
8 35
7 57
11 95
33 87
43 55
50 17
20 47
35 10
12 32
29 78
25 66
32 76
21 62
30 67
39 84
31 87
12 37
16 11
15 49
35 82
5 2
32 35
28 99
47 18
8 77
16 88
16 33
8 70
23 52
25 3
13 39
26 4
9 30
6 98
38 89
24 11
14 43
31 82
23 79
11 9
1 52
28 52
12 32
32 13
37 9
18 26
30 17
29 59
12 64
10 57
34 96
19 28
45 25
17 42
23 83
14 29
33 85
28 75
2 88
31 72
34 33
32 29
16 4
41 76
2 94
2 97
43 21
31 68
7 72
28 64
34 78
2 44
43 20
4 65
11 48
40 65
42 60
39 99
32 68
11 35
44 44
27 1
28 18
5 46
38 80
49 28
5 73
32 28
3 62
31 93
12 5
38 2
33 46
42 36
1 71
6 16
5 98
23 38
46 92
15 44
2 41
3 44
39 40
44 91
42 10
21 47
5 27
14 37
13 64
25 69
31 46
43 11
49 16
30 2
25 86
16 20
16 88
30 74
45 78
49 54
42 80
26 51
2 49
21 4
15 100
50 6
21 36
21 27
26 3
14 80
23 30
16 95
32 27
45 86
37 16
19 65
11 100
18 82
3 44
20 16
14 52
8 81
7 15
21 18
48 41
47 81
17 73
4 77
12 28
40 35
43 81
23 68
30 18
45 80
37 64
36 25
24 83
7 100
32 64
34 2
3 68
2 99
10 74
44 18
43 34
30 29
39 3
49 59
20 86
47 11
44 4
6 99
21 29
46 63
5 27
25 1
48 87
39 46
49 46
19 34
42 69
31 65
43 63
32 38
1 9
50 18
26 13
28 46
19 98
44 29
48 67
31 25
3 10
25 97
4 97
50 73
19 49
34 54
15 96
46 60
47 25
30 46
41 18
49 90
43 82
19 98
25 65
20 79
31 81
30 28
31 99
14 63
22 55
9 12
32 100
24 79
49 56
41 13
48 33
25 47
16 82
29 95
5 64
5 63
38 41
17 8
27 55
40 72
24 77
12 56
30 4
35 30
33 17
23 63
15 36
3 4
10 96
